100
1 1 4.9279406245092794e+001
1 2 7.1131364620858473e-001
1 3 -2.8788382809728552e+000
1 4 -1.6541659726943407e+000
1 5 2.4865514574987402e+000
1 6 2.8012117235725182e+000
1 7 2.1635448185267805e+000
1 8 -3.3562715652062405e+000
1 9 -2.1421504954874511e+000
1 10 -1.4818622053640227e+000
1 11 1.2761765475170683e+000
1 12 8.1496788535619979e-002
1 13 -2.3653759157407923e+000
1 14 3.3220069454764856e+000
1 15 3.3408976845388181e+000
1 16 7.6742162899091981e-001
1 17 8.4805802172351274e+000
1 18 -3.2885104184257501e+000
1 19 1.1615105317113625e+000
1 20 1.2270930899585628e+000
1 21 5.0324551055419742e-001
1 22 -1.0306938292428180e+000
1 23 1.7462670701713099e+000
1 24 -3.5116058177552105e+000
1 25 6.8948374993079842e-001
1 26 -2.9996349903594033e+000
1 27 2.9983158652332600e+000
1 28 1.5067192223053134e+000
1 29 -2.6670825699879170e+000
1 30 1.7444016980770960e+000
1 31 -5.1594792472558106e+000
1 32 7.4513337538327862e-001
1 33 3.9674673326153478e+000
1 34 -7.4440058083563199e-001
1 35 5.7513379555492294e-001
1 36 -5.9806998969296776e+000
1 37 2.6932444952310499e+000
1 38 -2.4325548371192771e+000
1 39 3.3472743298184837e+000
1 40 -5.9581579741367658e+000
1 41 -2.9425354113430446e-001
1 42 4.9791935767899407e+000
1 43 6.3825819794323047e-001
1 44 5.5185296060103595e-001
1 45 -2.3661837254208434e-001
1 46 -1.1002935840855161e+000
1 47 -6.3826286029371735e+000
1 48 2.7217073849355011e+000
1 49 1.3836270106416644e+000
1 50 3.7659034525863659e+000
1 51 -4.4576785198130100e+000
1 52 3.7515285227515721e-001
1 53 -3.1762610485672171e+000
1 54 -6.5755553230289232e-001
1 55 3.2823037951007437e+000
1 56 -4.3360155919875769e+000
1 57 -3.6632603127136028e+000
1 58 2.9295694232341202e-001
1 59 -1.1546209999819677e+000
1 60 2.5849670438551792e-001
1 61 6.7914433701205166e+000
1 62 -3.1312426704271177e+000
1 63 1.4835181866449014e+000
1 64 -2.2881013340736311e+000
1 65 -2.1039174863163574e+000
1 66 -3.0836229705199023e+000
1 67 -4.1211199603855342e-001
1 68 9.6582003152845941e-001
1 69 -2.7062290438205423e+000
1 70 -1.1463467960177058e+000
1 71 1.8310001323757050e+000
1 72 2.8093791331609159e+000
1 73 -2.5629311627617044e+000
1 74 1.0318247412623240e+000
1 75 1.1954860816754527e+000
1 76 -1.2009742571000941e+000
1 77 1.1682880856522684e+000
1 78 2.4148138212303447e+000
1 79 -5.8057857034040505e-001
1 80 -1.3963821353028911e+000
1 81 3.7294585516026699e+000
1 82 1.1194035203597767e+000
1 83 1.8511837539758711e+000
1 84 5.1206372975158079e+000
1 85 1.9047635576748320e-001
1 86 -2.9468940006311151e+000
1 87 -2.4098432647417209e+000
1 88 -3.2296481125418905e+000
1 89 -2.4432719262916094e+000
1 90 3.1151554661352837e-001
1 91 -2.0498055919052365e+000
1 92 5.4786002845184258e+000
1 93 -3.1300413724438201e+000
1 94 -4.6553589352958626e+000
1 95 -8.6856578374229110e-001
1 96 -3.0032704507500902e+000
1 97 -6.6711508479962802e+000
1 98 -4.1076073147938391e-001
1 99 3.0361029088538989e+000
1 100 -3.4044581402888457e-001
2 1 7.1131364620858473e-001
2 2 4.6379249257920897e+001
2 3 -3.5123693726082936e+000
2 4 1.2299286224105697e+000
2 5 -1.0418638304068502e+000
2 6 2.7052503669254144e+000
2 7 -3.9082623658604904e-001
2 8 4.7846374933661142e+000
2 9 -2.0170329085765748e+000
2 10 -7.1982481512808671e-002
2 11 -2.8977850918373504e+000
2 12 -1.7943421388395058e+000
2 13 -1.8637837321460138e+000
2 14 -2.2779162355293647e-001
2 15 4.8808215592690347e+000
2 16 5.2526088660283596e+000
2 17 2.0398463304640351e+000
2 18 8.0960670296523818e-002
2 19 -2.1801622310026190e+000
2 20 -4.7607236797284100e+000
2 21 2.2433792570613109e+000
2 22 1.4551703241871090e+000
2 23 -1.4143011544761497e+000
2 24 3.0788470632135820e+000
2 25 2.0618969493874055e+000
2 26 -4.0379106327401786e+000
2 27 -1.1430119181638392e+000
2 28 -4.1606005413732401e+000
2 29 4.2835739921172760e+000
2 30 4.2586840479022960e+000
2 31 -1.1231447916668555e+000
2 32 -4.6097522209152570e+000
2 33 3.8001397182445134e+000
2 34 -3.2084331190285514e-001
2 35 1.0906505947663105e+000
2 36 3.0620693790908388e-001
2 37 2.8538466429724463e+000
2 38 3.4787816016425852e+000
2 39 -4.8727848657832923e-001
2 40 1.6643298280864749e+000
2 41 1.2931786203879692e+000
2 42 2.0044329036138255e+000
2 43 -5.9342858904775586e-001
2 44 2.0434513264840173e+000
2 45 -3.0397365219485066e+000
2 46 -1.7192530107921347e+000
2 47 -1.4618431619137677e+000
2 48 -4.3994714062373070e+000
2 49 6.3736459288662797e+000
2 50 2.7429053222501145e+000
2 51 -1.9819489460037756e+000
2 52 -1.0662515004775833e-001
2 53 -8.3346877848591128e-001
2 54 3.0555334666240399e+000
2 55 -4.5937670731617040e+000
2 56 6.4521158377998882e+000
2 57 -9.3819408933965331e-001
2 58 2.9790547935312386e+000
2 59 -2.1587594859656289e+000
2 60 5.3545527662520760e+000
2 61 -3.1557991184719953e+000
2 62 -1.3375333052263329e-002
2 63 1.2945094238909119e-001
2 64 -1.4986412574412651e+000
2 65 3.2437163006773395e+000
2 66 -3.2512087792975932e+000
2 67 3.4876933941166026e+000
2 68 -5.9822633398384291e+000
2 69 -8.7454581792106589e-001
2 70 -1.3077502616820860e-001
2 71 -1.4612438086251900e+000
2 72 4.2591106361639612e+000
2 73 -4.6305767578110126e+000
2 74 -1.1555318932705438e+000
2 75 -5.4712580215984730e-001
2 76 -2.6598315080563255e+000
2 77 2.2846071806856361e+000
2 78 -4.5246050652578501e-001
2 79 5.8826189388693906e-001
2 80 -3.1655776407491092e+000
2 81 -2.9744264042095763e+000
2 82 6.2532393181434742e-001
2 83 -1.0613491841929561e+000
2 84 2.1592147239643968e+000
2 85 5.0873743752014100e+000
2 86 2.8958091470549294e+000
2 87 -9.0284464622672600e-001
2 88 2.1858086443381088e+000
2 89 4.2320832334118714e+000
2 90 -3.7540672028521533e+000
2 91 -1.9526807901290923e+000
2 92 -2.8751205196016461e+000
2 93 -2.9579842980659293e-001
2 94 5.7277050864321408e+000
2 95 1.0721560502074836e+000
2 96 -9.4843815484546345e-001
2 97 -1.6363846545541254e+000
2 98 -2.3978044575216866e+000
2 99 -1.0401068066439405e+000
2 100 -5.7368429507598844e+000
3 1 -2.8788382809728552e+000
3 2 -3.5123693726082936e+000
3 3 4.7630469872530917e+001
3 4 1.2773333460426128e+000
3 5 -4.4257675349556944e+000
3 6 4.6187085043873646e+000
3 7 2.8336391046473710e+000
3 8 1.9158172883999882e+000
3 9 2.8307142352054737e-001
3 10 -2.5701210656870477e+000
3 11 1.9848138090724474e+000
3 12 4.0861221977353992e+000
3 13 -1.0276602428382284e+000
3 14 -4.3907232079454834e+000
3 15 3.5281582263144924e+000
3 16 1.2328951704912514e+000
3 17 3.9831848659223419e+000
3 18 1.9053904475943555e+000
3 19 3.8623911108438995e+000
3 20 2.9005349644256784e+000
3 21 1.3057722167613288e+000
3 22 -2.4927477422632247e+000
3 23 1.1843162560104350e+000
3 24 -2.4721658190887035e+000
3 25 -8.4767814428716193e-001
3 26 2.5536371327316236e+000
3 27 -4.2554009093995555e+000
3 28 -1.0516583082158368e+000
3 29 -9.0008750559666861e-001
3 30 3.3001919949069696e+000
3 31 -2.3746405476772217e+000
3 32 2.2047391459281509e+000
3 33 1.9718405041591498e+000
3 34 5.8087148371413075e+000
3 35 -4.6707201524977533e+000
3 36 -2.5551633316116638e+000
3 37 -3.7544098178795422e+000
3 38 -6.1512337195348179e+000
3 39 1.3884493535505940e+000
3 40 -2.8940881374443199e+000
3 41 -3.0113896317562139e-001
3 42 1.6096604240933576e+000
3 43 -2.7046047853736881e+000
3 44 -1.8205918727386261e+000
3 45 2.0791219315343645e+000
3 46 4.5467923018083489e+000
3 47 -2.3756084446545480e+000
3 48 -5.5274219609026440e-002
3 49 1.6501118895530353e-001
3 50 1.1704631140978898e+000
3 51 -1.7824113252325360e+000
3 52 -1.2581344380235107e+000
3 53 1.8182605964638343e+000
3 54 1.7665599998001666e+000
3 55 -4.2934975433518598e+000
3 56 3.8611509913799762e+000
3 57 5.0774185114127484e+000
3 58 -9.2901182910902336e-001
3 59 -1.0558087459561765e+000
3 60 -1.3685945367260282e+000
3 61 3.9457858588939154e-001
3 62 -1.6234442493202668e+000
3 63 1.0458549718230385e+000
3 64 -1.7135805334647236e+000
3 65 -2.5161253943880806e+000
3 66 8.1317121036057138e-001
3 67 1.0555700102631540e+000
3 68 -9.0213893430197043e+000
3 69 -2.3851510847939630e-001
3 70 1.6675595075898866e+000
3 71 -1.9869622230571495e+000
3 72 -3.2355289659709294e+000
3 73 -2.0859153468640494e+000
3 74 -2.7389812322868621e+000
3 75 -2.0510567031513405e-001
3 76 2.4665848399730543e+000
3 77 2.6219270273588297e-001
3 78 1.4073617621515655e+000
3 79 -3.1013601089389820e+000
3 80 -3.6308314219247229e+000
3 81 9.7821166740602827e-001
3 82 -3.4078170217677042e+000
3 83 5.1426033541872906e-001
3 84 -6.5053663873498357e-001
3 85 7.2638704511681096e-001
3 86 7.9576124373797175e-001
3 87 -1.7734326384374703e+000
3 88 -1.1668854402132922e+000
3 89 8.9539790104693484e-001
3 90 -2.7750001114412126e+000
3 91 -2.1518646428594250e+000
3 92 -1.9152274708970474e+000
3 93 6.8663587728532138e-001
3 94 -7.5946568021104599e-001
3 95 -3.2755385781325783e+000
3 96 -6.7060598048620745e-002
3 97 1.9264235401090783e+000
3 98 3.0991780817806616e+000
3 99 2.6894772358418093e+000
3 100 -1.7689517165570157e+000
4 1 -1.6541659726943407e+000
4 2 1.2299286224105697e+000
4 3 1.2773333460426128e+000
4 4 4.7701542029501283e+001
4 5 -1.9034227789859848e+000
4 6 -7.0252460547686779e-001
4 7 8.9088611270668139e-001
4 8 -9.1185915078464919e-001
4 9 2.0510261624612576e+000
4 10 -1.6017099350329296e+000
4 11 -6.2004850542189809e+000
4 12 -1.6622126784647482e+000
4 13 3.8432244375545943e-001
4 14 4.0880272398643172e+000
4 15 -3.1972783220004825e-001
4 16 -1.7082757421946551e+000
4 17 5.9647568286466690e-001
4 18 4.6179732954218791e+000
4 19 4.3157637780461211e-001
4 20 1.5516403175559650e+000
4 21 -1.5241851364633761e+000
4 22 1.8908779976949528e+000
4 23 2.5494487696928378e+000
4 24 -1.1351804804944514e+000
4 25 -2.7266936228734311e+000
4 26 1.3176295504492717e+000
4 27 1.8122797176006415e+000
4 28 -3.2392572389689271e+000
4 29 6.9799203884314309e-001
4 30 -9.2043694676487792e-002
4 31 -2.3208992468331560e+000
4 32 -1.2438522203103664e+000
4 33 3.4412500883592800e+000
4 34 -2.2075722239084374e+000
4 35 1.1952931348789197e+000
4 36 -7.9849351922791245e-001
4 37 3.4656404619869635e-001
4 38 2.0433073935989019e+000
4 39 5.5403660489164706e+000
4 40 -1.2727933669461888e-001
4 41 6.9900145605909736e-001
4 42 2.3721747982799517e+000
4 43 -2.1209819597847130e+000
4 44 -1.6371524612449517e+000
4 45 1.6501534441247934e+000
4 46 -2.4139607245186161e+000
4 47 -3.2358234166307822e+000
4 48 -1.4911600046789526e+000
4 49 -1.1913076028913006e+000
4 50 -5.2363995521523501e+000
4 51 -4.0078121128659125e+000
4 52 -1.2522269611487444e+000
4 53 -1.2773804834187752e+000
4 54 7.2964770147650633e+000
4 55 2.9871730556725522e+000
4 56 2.4968325657004318e+000
4 57 -1.7357658681100927e+000
4 58 2.6767757158719068e+000
4 59 -3.3013841258614169e+000
4 60 -1.9004104211809141e+000
4 61 2.6790211505289846e-001
4 62 1.9932229137468813e+000
4 63 1.0566485233960761e+000
4 64 2.4806853173448470e-001
4 65 -1.5594468804482015e-001
4 66 -3.4935618321204585e+000
4 67 -6.8461806433749217e-002
4 68 3.0923307926590049e-001
4 69 -7.4527199526137062e+000
4 70 8.5473787334302820e-001
4 71 3.4919910191168152e-001
4 72 7.9017888577938111e-001
4 73 -1.2746469190626486e+000
4 74 -2.0366591616030947e+000
4 75 1.1265179183215248e+000
4 76 9.6619672131988765e-001
4 77 1.8068299637920071e+000
4 78 -7.6257065506809840e-001
4 79 -3.4831710326990737e+000
4 80 5.2368726403729859e-001
4 81 1.9509167877942872e+000
4 82 -2.8912540789825951e+000
4 83 2.7070230298418365e+000
4 84 5.1610987386723051e-001
4 85 -1.1600512385739661e+000
4 86 3.4431739908628192e+000
4 87 2.9374190393411919e+000
4 88 -5.5512242463881067e+000
4 89 4.2738376781365418e-002
4 90 -1.8700072021996745e+000
4 91 6.2965518273075194e-001
4 92 4.2197124274016806e+000
4 93 -1.4406807640051744e+000
4 94 1.5291763175068518e+000
4 95 -1.0312837668411288e+000
4 96 -3.0992666341110107e-002
4 97 -3.4742093726015870e+000
4 98 -3.2597617464448629e+000
4 99 -4.7591936013503044e+000
4 100 -1.6583793794405617e+000
5 1 2.4865514574987402e+000
5 2 -1.0418638304068502e+000
5 3 -4.4257675349556944e+000
5 4 -1.9034227789859848e+000
5 5 5.6236914747055955e+001
5 6 -5.0307648364865308e-002
5 7 2.8242636522486753e+000
5 8 3.9143207383785814e+000
5 9 -9.2296200850135235e-001
5 10 4.6370859593142395e+000
5 11 2.2888449636132862e+000
5 12 6.0408646238124841e-001
5 13 4.5235196423357591e+000
5 14 -6.3561005478495824e-001
5 15 1.0638556588451555e+000
5 16 -7.3756187796399231e-001
5 17 -3.1833308815962362e+000
5 18 -7.5074714936443498e-001
5 19 -2.7355972984526402e+000
5 20 -4.1390767012833496e-001
5 21 2.4089621313459433e+000
5 22 2.1089330117538174e+000
5 23 2.2059751802339740e+000
5 24 1.0910022552666740e+000
5 25 1.2992105771915035e+000
5 26 -6.6596616344511739e-001
5 27 6.4456127986247180e-001
5 28 -9.0298149293231245e-001
5 29 -2.1160709964569877e+000
5 30 1.2604200178601042e+000
5 31 7.3012813903692719e-001
5 32 4.6756698531298584e+000
5 33 -1.2073057890308296e+000
5 34 8.5143952400455580e-001
5 35 3.5040367858186752e+000
5 36 -1.9271861402840484e+000
5 37 -4.4513989431070815e+000
5 38 -1.6987845117669054e-001
5 39 1.4456969114977301e+000
5 40 -2.9983255573255647e+000
5 41 -8.6810696117860187e-001
5 42 4.1054178197191957e+000
5 43 -8.4800820805711896e-001
5 44 -1.4954957649873131e+000
5 45 4.9630988182705543e-001
5 46 -1.9006622474457713e+000
5 47 -2.4503958265995949e+000
5 48 2.6748086601315748e+000
5 49 -5.3132887860898776e+000
5 50 2.1625257974173224e+000
5 51 6.2809235014167730e-001
5 52 3.0231366180905801e+000
5 53 -4.4072464526773709e+000
5 54 -3.4438836474022798e+000
5 55 5.4228270732523731e-001
5 56 4.7718914183187540e+000
5 57 -1.5712016402268087e+000
5 58 -6.4838125707704097e-001
5 59 -1.3332087688220928e+000
5 60 -4.9407392659144289e+000
5 61 2.5673853350231317e+000
5 62 -9.5512583504760296e-001
5 63 -1.9425863706089328e+000
5 64 2.2335171621345595e+000
5 65 4.8353321173260322e-001
5 66 6.9266146905240666e-001
5 67 6.1545968027001550e+000
5 68 -1.1478224832235229e+000
5 69 -2.0419341113499172e+000
5 70 -2.6729832300075582e+000
5 71 -2.0092456545365551e+000
5 72 1.7384726224055747e+000
5 73 -7.5383740755121054e-001
5 74 1.3972483152353463e+000
5 75 -1.4175776426334226e+000
5 76 -9.2872977059054429e-001
5 77 -4.0424961225681422e+000
5 78 -1.1805383982019972e+000
5 79 -3.5431473227650137e+000
5 80 3.1726646281194877e+000
5 81 -2.0469730482598196e+000
5 82 -4.3643003575850132e+000
5 83 2.8336462768884236e+000
5 84 1.4296825064495648e+000
5 85 -4.3536429168402835e+000
5 86 -1.4633669176650208e+000
5 87 1.6305927957912354e+000
5 88 1.6745919880308788e-001
5 89 -3.1408398081797859e+000
5 90 2.0468651489970471e-001
5 91 3.1875973004386244e+000
5 92 -4.2085632004120983e+000
5 93 -1.2740025977704192e+000
5 94 4.7862163361963912e+000
5 95 -4.0432313539112907e-001
5 96 -2.9003943019601692e+000
5 97 -6.6357890784591345e-001
5 98 -2.5405536748656674e+000
5 99 -1.2024556585241020e-001
5 100 9.2991156674585895e-001
6 1 2.8012117235725182e+000
6 2 2.7052503669254144e+000
6 3 4.6187085043873646e+000
6 4 -7.0252460547686779e-001
6 5 -5.0307648364865308e-002
6 6 5.3257004654974743e+001
6 7 -1.4903718814162812e+000
6 8 2.4258410745147336e+000
6 9 -1.0680054042025844e+000
6 10 -1.2025317215671549e+000
6 11 1.0954220111953867e+000
6 12 -2.3887055138243287e+000
6 13 3.5513659641264801e+000
6 14 -5.2003506051688042e+000
6 15 1.5158068853645261e+000
6 16 1.4723163274335036e+000
6 17 -1.5853169315234326e+000
6 18 -2.6120204433291567e+000
6 19 2.1972310161483524e+000
6 20 -1.7638777464553690e+000
6 21 -1.5962954642770717e+000
6 22 3.4535517778432743e+000
6 23 -2.7690747495640072e-001
6 24 -2.9398711957189400e-001
6 25 -1.5767018038901786e+000
6 26 -2.3315848510953123e+000
6 27 5.0721453553871507e+000
6 28 -2.5748205686858485e+000
6 29 -2.0387571722559472e+000
6 30 -2.9038888087605521e+000
6 31 -3.4037750320017568e+000
6 32 -3.5610328221906991e+000
6 33 -3.8017777374066242e+000
6 34 -7.0614750317612607e-001
6 35 -3.6498970167142158e-001
6 36 -6.0300753026805909e+000
6 37 1.8078619683480007e-001
6 38 5.5063579265139388e+000
6 39 7.3892514217134375e-001
6 40 -2.6504096756351272e+000
6 41 3.5121455453795081e-001
6 42 -5.3907327209571176e-001
6 43 3.0512243685011189e+000
6 44 -2.6689531906463602e+000
6 45 -2.2631798888597325e+000
6 46 2.0888935063692688e+000
6 47 -9.9931799843304558e-001
6 48 -1.8786727277932658e+000
6 49 9.8241002094369567e-001
6 50 -4.8757830825776454e+000
6 51 -3.4571994407120279e+000
6 52 -6.2015491721306770e-001
6 53 -4.2109048518234593e-001
6 54 1.2669343966810105e+000
6 55 -7.6425982201321463e-001
6 56 5.4182802316094369e-001
6 57 4.6501300230838222e-001
6 58 -1.5926649638822346e+000
6 59 -3.6882684350488892e+000
6 60 -2.9375622819882126e+000
6 61 7.9314954980085428e+000
6 62 5.2768093086969774e+000
6 63 5.4955506786426973e+000
6 64 3.0719546927212114e+000
6 65 5.3566410253953123e+000
6 66 5.5286701860886123e-001
6 67 -8.5190922981868304e+000
6 68 -5.4748015566913653e+000
6 69 -2.0382121291148780e+000
6 70 -6.3999161844260604e+000
6 71 -1.1947333074488458e+000
6 72 2.2086185714695992e+000
6 73 9.0780560306780711e-001
6 74 1.6076272608699926e+000
6 75 3.5622101566544089e+000
6 76 8.7493599256194388e-001
6 77 -3.0666001148428723e+000
6 78 -1.4831641694852256e+000
6 79 1.6581494686266001e+000
6 80 3.2842652352114627e+000
6 81 -9.7166323791480436e-001
6 82 -1.5980746787700881e-002
6 83 -4.5319851886347475e+000
6 84 -4.3851496910147878e+000
6 85 7.3844830663972971e-001
6 86 3.1173916526716156e-001
6 87 -3.4007690129474866e+000
6 88 2.2893170507101916e+000
6 89 7.2628577133807570e-001
6 90 5.3130256837605350e+000
6 91 8.3355703414240967e-001
6 92 4.4383208692248814e+000
6 93 -3.8544952335360878e+000
6 94 2.4428382116908018e+000
6 95 -3.8858911961659923e+000
6 96 7.8366217711252364e-002
6 97 1.5292459090324726e+000
6 98 -2.7579863331784371e+000
6 99 1.5179278526370019e+000
6 100 -4.6883773097760562e-001
7 1 2.1635448185267805e+000
7 2 -3.9082623658604904e-001
7 3 2.8336391046473710e+000
7 4 8.9088611270668139e-001
7 5 2.8242636522486753e+000
7 6 -1.4903718814162812e+000
7 7 4.9127970580114486e+001
7 8 5.7769683766652113e-001
7 9 -2.0260542604044378e+000
7 10 2.8390998462064654e-001
7 11 -4.6759895858599467e+000
7 12 -3.5916385953339383e+000
7 13 -8.2487714927092559e-001
7 14 -1.0304197533534460e+000
7 15 2.7766174618013317e+000
7 16 4.0268979443557313e+000
7 17 -4.3314304661911143e+000
7 18 3.2193980160152944e+000
7 19 1.1821735502536250e+000
7 20 -3.2545850291678269e+000
7 21 1.9536278926338342e+000
7 22 7.3809131456645261e-001
7 23 1.1860091048079604e+000
7 24 -1.8790849296405590e-001
7 25 8.8204672616625823e-001
7 26 2.1200637028046150e+000
7 27 -7.6940703879218864e-001
7 28 4.0309410632763463e+000
7 29 1.0138572551778766e+000
7 30 -5.3047811927350252e-001
7 31 3.2753052159664611e+000
7 32 -2.7021111550679788e-001
7 33 -4.1917798531030916e+000
7 34 -2.3677767416137665e+000
7 35 2.0964683743614301e+000
7 36 -4.1651109496878949e+000
7 37 -2.8317279273471785e-001
7 38 2.2482708251810073e+000
7 39 4.0852428574505426e+000
7 40 1.5642466740483767e+000
7 41 -4.6678576974869515e+000
7 42 -1.0656600334911830e+000
7 43 -2.7616861929203069e+000
7 44 1.0590153618922857e-001
7 45 -2.7869677974865961e+000
7 46 3.3962576352369691e+000
7 47 -6.2697746095113693e-001
7 48 1.8384249016532055e+000
7 49 -1.4937368332164509e+000
7 50 -7.2463753038980139e+000
7 51 1.4318940274118788e+000
7 52 5.9937079639894684e+000
7 53 2.3725271164535382e+000
7 54 -9.0141324521982524e-001
7 55 2.2289710016754931e+000
7 56 -2.3180638853754618e+000
7 57 2.2024075061710806e+000
7 58 -7.3197956257398378e-001
7 59 -1.1439570318001280e+000
7 60 -7.3610890347619709e-002
7 61 -5.5745301292526204e+000
7 62 -2.1358565140479224e+000
7 63 -3.5652023878406198e+000
7 64 -3.7699216576891875e-001
7 65 -1.2068150944844001e+000
7 66 -1.6186247255986908e+000
7 67 2.1026843000611928e+000
7 68 -2.9930319507779717e+000
7 69 -4.8482701358698730e+000
7 70 1.4146337293160596e+000
7 71 -1.5366414686814052e+000
7 72 9.0556542014392505e-001
7 73 1.0762843037679883e+000
7 74 -2.1971311913511027e+000
7 75 6.4440901525897132e-001
7 76 1.5436040676736056e+000
7 77 8.4179948583635825e-002
7 78 2.1270123303399233e-001
7 79 -2.0705092349078895e+000
7 80 2.8625034896238768e+000
7 81 -2.8011208928834774e+000
7 82 -3.2850294584175153e+000
7 83 -1.2916823055790154e+000
7 84 3.6500448187931984e+000
7 85 -2.4099687801251277e+000
7 86 -1.6165625836671411e+000
7 87 -1.8983159598289987e+000
7 88 -2.8104959339377675e+000
7 89 -1.2640421831523756e+000
7 90 1.8401349776881937e+000
7 91 -1.7975136503416964e+000
7 92 -7.6920281822893877e-001
7 93 8.2111390262421857e-001
7 94 -5.1843485817289885e+000
7 95 -1.0805558027876563e+000
7 96 7.9349241993612718e-001
7 97 -1.0697144856158673e+000
7 98 -3.7741637531696099e+000
7 99 3.4015636472594193e+000
7 100 2.3789583250160056e+000
8 1 -3.3562715652062405e+000
8 2 4.7846374933661142e+000
8 3 1.9158172883999882e+000
8 4 -9.1185915078464919e-001
8 5 3.9143207383785814e+000
8 6 2.4258410745147336e+000
8 7 5.7769683766652113e-001
8 8 5.1350299883741776e+001
8 9 -1.8269373792600010e+000
8 10 -4.9517852840562542e+000
8 11 1.6875521187235223e+000
8 12 -2.0669836236878698e+000
8 13 -2.6310240089286032e+000
8 14 -3.1667417627293304e+000
8 15 -1.6129357042358201e+000
8 16 -1.4118954121930931e+000
8 17 1.6436603230920632e+000
8 18 3.7286249494908912e+000
8 19 -2.9455437185465221e+000
8 20 2.0363679147217355e+000
8 21 -5.5670875109277551e+000
8 22 3.6175904439574276e+000
8 23 4.1602108014906634e+000
8 24 -6.0532850419146200e-001
8 25 -1.8990714707839023e+000
8 26 3.6306920018829762e+000
8 27 -8.7674602335832796e-001
8 28 -1.7369150786784240e+000
8 29 2.8256526506914588e+000
8 30 3.3527905923042343e+000
8 31 -3.3813694015367530e+000
8 32 -1.7465645056268562e+000
8 33 3.5564411150092567e+000
8 34 -4.2103079961077565e+000
8 35 1.4958720199619737e+000
8 36 5.5232426536330328e+000
8 37 -1.6404501729161298e+000
8 38 2.7148879356242426e+000
8 39 1.0833040643111338e+000
8 40 2.6982360949620197e+000
8 41 -1.0930639655832131e+000
8 42 2.7742897491197942e+000
8 43 -2.7970779512967021e+000
8 44 4.2113627085535921e+000
8 45 1.8824611063346868e+000
8 46 1.5057697763105369e+000
8 47 3.5805259477756451e-001
8 48 6.6063021128520261e-001
8 49 1.0054430980651206e+000
8 50 3.4423944774609869e+000
8 51 -1.7675024729600046e+000
8 52 -8.0443518150409137e+000
8 53 1.1515487013309473e+000
8 54 -2.8287204259896361e+000
8 55 6.2760120930416399e+000
8 56 -2.9269925196026678e+000
8 57 2.4230663455146004e+000
8 58 2.9587112966561868e+000
8 59 2.6273843230107259e+000
8 60 6.2834778127052016e-001
8 61 7.4319561097268327e-001
8 62 -3.0213207501189721e+000
8 63 3.2873540590266886e-001
8 64 -2.1846049205816986e+000
8 65 -1.6501756937595294e-001
8 66 -2.6382897778228376e-001
8 67 5.9393345731872604e-001
8 68 9.8831683133184878e-001
8 69 -3.6973195665653211e+000
8 70 -4.5638650182078386e+000
8 71 2.0045917485701659e+000
8 72 -1.9360790554398142e+000
8 73 -2.0354655559739207e-001
8 74 1.2694289056895380e+000
8 75 7.5511722790264468e-001
8 76 3.8615846123315563e+000
8 77 1.3369937206694549e+000
8 78 -5.5123687399498396e+000
8 79 -9.1505662064231530e-001
8 80 -1.2936322528635955e+000
8 81 -1.2079220095255404e-001
8 82 -9.4961470098700840e-001
8 83 -1.1012384100513886e+000
8 84 -5.6380594806777584e-001
8 85 -4.2480800196689064e+000
8 86 -5.7066590679089024e-001
8 87 -1.0186441335968497e+000
8 88 3.7324872424661881e-001
8 89 1.6059419995093029e+000
8 90 4.7096913733076340e+000
8 91 3.7970270614997548e-001
8 92 -3.1448033869370361e-002
8 93 -1.7884881381063173e+000
8 94 1.9723322439324005e+000
8 95 -1.9166227489783991e-001
8 96 -4.3869850081612449e-001
8 97 -4.3698737728228904e-001
8 98 -2.5871630250635809e+000
8 99 -1.9336211761491078e+000
8 100 5.6648195071741245e+000
9 1 -2.1421504954874511e+000
9 2 -2.0170329085765748e+000
9 3 2.8307142352054737e-001
9 4 2.0510261624612576e+000
9 5 -9.2296200850135235e-001
9 6 -1.0680054042025844e+000
9 7 -2.0260542604044378e+000
9 8 -1.8269373792600010e+000
9 9 4.5565151191840641e+001
9 10 -7.5566946075035235e-001
9 11 1.6044223146162817e+000
9 12 9.8511089058072498e-001
9 13 -1.0043787605818872e+000
9 14 -1.8345959470757092e+000
9 15 -1.1494914728052359e+000
9 16 -2.2018559460650899e+000
9 17 -1.8097331023429792e+000
9 18 -2.9950769024561057e-002
9 19 2.7362291846554019e+000
9 20 1.2621949471423779e+000
9 21 -6.3692387901825214e+000
9 22 8.5343963467632900e-001
9 23 7.0482560840276730e-003
9 24 -5.9215485413479159e-002
9 25 2.3748586654473751e+000
9 26 -1.5690165285296602e+000
9 27 -3.6982378224104888e+000
9 28 1.7099850056327572e+000
9 29 -1.0744785479731325e+000
9 30 -2.0354976725411382e+000
9 31 6.8980954372122483e+000
9 32 1.9138563218604254e+000
9 33 1.9600860503510422e+000
9 34 3.5265217396313426e+000
9 35 1.4812050417220393e+000
9 36 9.5403124546763685e-001
9 37 4.0550867480761399e+000
9 38 3.8191203116685757e+000
9 39 4.1259270771966925e+000
9 40 9.2812913793834950e-001
9 41 4.0264196129536218e+000
9 42 3.0887225520627863e+000
9 43 -2.6779945946026293e+000
9 44 -1.8023645563453887e+000
9 45 -2.1295559292635007e+000
9 46 -3.6549059679738298e+000
9 47 8.1955670444295992e-001
9 48 1.5465451590087032e+000
9 49 4.9467204999031278e-001
9 50 1.6019560299271807e-001
9 51 -1.5939903768590471e+000
9 52 -2.3013010947770733e+000
9 53 -1.5284717072151131e+000
9 54 -1.5139160420794757e+000
9 55 -1.3233666134672157e+000
9 56 8.9228333341656141e-001
9 57 8.5788264467624797e-001
9 58 -2.1597580006889441e+000
9 59 6.3741914895412437e+000
9 60 -1.4918152807972804e+000
9 61 -2.1853787172147837e-001
9 62 -7.8527057773800391e-001
9 63 -3.7645502247301392e+000
9 64 -5.5911503165447252e-001
9 65 -9.8521282571644664e-001
9 66 7.9253035966991778e-002
9 67 -1.5816375014019439e+000
9 68 -6.0555550449400486e-001
9 69 2.9345788220317761e+000
9 70 -2.0894941874828863e+000
9 71 -2.4366167569340491e-001
9 72 -2.0764944997303192e-001
9 73 -6.9692990715136283e-001
9 74 8.3078963476873202e+000
9 75 1.9200341276497443e+000
9 76 -2.1696745358885914e+000
9 77 -1.7294761587678527e+000
9 78 -5.1500349639758971e+000
9 79 -3.4186603389580341e+000
9 80 9.7937129446277596e-002
9 81 1.3583555273525485e+000
9 82 3.6418442483320588e+000
9 83 1.2630439121875616e+000
9 84 -1.4393614265141681e+000
9 85 -3.2249780444234131e+000
9 86 -7.3006008191141913e-001
9 87 1.4126255955115936e+000
9 88 2.6242566758195127e+000
9 89 -3.8404899445438216e+000
9 90 2.9642540344606720e+000
9 91 1.9544453801570003e+000
9 92 -3.7669935053088537e+000
9 93 4.3340222491843789e+000
9 94 -5.1223234011309797e+000
9 95 -2.3167053143534333e+000
9 96 -4.5438298965086311e-002
9 97 -1.5074299794966566e+000
9 98 -1.6790109459175597e+000
9 99 -7.1567456238955609e+000
9 100 3.9867618800279252e+000
10 1 -1.4818622053640227e+000
10 2 -7.1982481512808671e-002
10 3 -2.5701210656870477e+000
10 4 -1.6017099350329296e+000
10 5 4.6370859593142395e+000
10 6 -1.2025317215671549e+000
10 7 2.8390998462064654e-001
10 8 -4.9517852840562542e+000
10 9 -7.5566946075035235e-001
10 10 5.5738700970694026e+001
10 11 5.4792198673979997e-001
10 12 -1.7376853792787321e+000
10 13 -3.5948020611758640e+000
10 14 3.6203308419639075e+000
10 15 9.3085212971226994e-001
10 16 -3.7903968917938058e+000
10 17 -1.3495691158175145e+000
10 18 -5.1759425247081270e-001
10 19 -5.9622261258917701e+000
10 20 7.3136544794012659e+000
10 21 5.7639946442511913e+000
10 22 2.7381122885631659e+000
10 23 -2.6937280904243011e+000
10 24 1.1159862296169090e-001
10 25 -2.2722891382244881e-001
10 26 -2.4176344043500633e+000
10 27 3.3928951767591640e+000
10 28 -5.9289674011414091e+000
10 29 1.9241358199508780e+000
10 30 -7.1229566971499692e-001
10 31 -3.3566289359079327e+000
10 32 1.0563927433839384e+000
10 33 -8.2209442244312714e-001
10 34 8.5154447621460143e+000
10 35 3.2276035995164398e+000
10 36 -4.2633280019735382e+000
10 37 7.7292094477358209e-001
10 38 -4.2264541535376514e+000
10 39 2.2232456642845619e+000
10 40 4.1614662501015136e+000
10 41 -1.4962430655311347e+000
10 42 -6.7042813427272452e-001
10 43 1.7584220746944927e+000
10 44 -3.2640284708115983e+000
10 45 -5.7455691770988215e+000
10 46 9.1951495653083071e-001
10 47 1.6107889706102678e+000
10 48 2.2033924467685839e+000
10 49 -1.2122404570231651e+000
10 50 -7.0199600634741319e+000
10 51 -1.6624278680201934e+000
10 52 -1.3958685387383833e+000
10 53 1.6614115902308015e+000
10 54 -1.5736157442654266e+000
10 55 8.9181233280658501e-001
10 56 -1.8659673517562867e+000
10 57 -2.9480104879059223e+000
10 58 -3.9525779422364588e-001
10 59 8.7216364877591845e-001
10 60 -9.2208301214081223e-001
10 61 9.3760258512544925e-001
10 62 2.8243471236273345e+000
10 63 3.2596480920534876e-001
10 64 3.3067485303807569e+000
10 65 1.5902378678111682e+000
10 66 2.6495067642855479e+000
10 67 3.4371574900885800e+000
10 68 2.0675131343014517e+000
10 69 9.8432870854221233e-001
10 70 2.9435967659153066e+000
10 71 1.2364234166580024e+000
10 72 5.9821326652477795e+000
10 73 3.7861865587301442e+000
10 74 3.5459906257446492e+000
10 75 2.3908694825208925e+000
10 76 -1.8187994584717824e+000
10 77 -2.2997942379467298e+000
10 78 2.1622454583544637e+000
10 79 1.8097018051798935e-001
10 80 1.2897994684421115e+000
10 81 -1.7957060792321462e+000
10 82 1.7222818588374544e+000
10 83 8.8321734764612103e-001
10 84 -5.6394306443907627e-001
10 85 -5.3865820103187478e-001
10 86 -3.8718157793107384e+000
10 87 -4.4696378024249137e+000
10 88 3.2868300281271257e+000
10 89 -3.4842696027810454e+000
10 90 -5.3458948949132035e-001
10 91 2.8810054235204650e+000
10 92 -2.0826911315295327e+000
10 93 1.5505151952089107e+000
10 94 -1.6486372156715432e+000
10 95 -8.2108592859423635e-001
10 96 -1.4918406284259000e+000
10 97 -1.9159560982202925e-001
10 98 -3.6778266803683359e+000
10 99 -1.2165529019005092e+000
10 100 1.8758100514995206e+000
11 1 1.2761765475170683e+000
11 2 -2.8977850918373504e+000
11 3 1.9848138090724474e+000
11 4 -6.2004850542189809e+000
11 5 2.2888449636132862e+000
11 6 1.0954220111953867e+000
11 7 -4.6759895858599467e+000
11 8 1.6875521187235223e+000
11 9 1.6044223146162817e+000
11 10 5.4792198673979997e-001
11 11 4.5075295949263868e+001
11 12 -7.1314893379480238e-001
11 13 -1.8861862239963312e+000
11 14 -7.6520612293506227e+000
11 15 -2.8894565176999114e+000
11 16 -4.0021396305210137e+000
11 17 -1.2378265093303711e+000
11 18 2.3478950017933409e+000
11 19 7.6177500968809320e-001
11 20 4.5875783392168170e+000
11 21 9.6032312651591500e-001
11 22 1.6706265992575509e+000
11 23 -2.8663464943525527e+000
11 24 -1.2236898079232563e+000
11 25 -1.4653263228252467e+000
11 26 7.7443396211631998e-001
11 27 1.2239475504964406e+000
11 28 3.9345820691315009e-001
11 29 -1.8672777875150046e-001
11 30 3.1627809111647407e+000
11 31 3.0144801716868308e-001
11 32 -1.5803513867815651e+000
11 33 2.0838250637737881e+000
11 34 -3.0099961892332305e+000
11 35 4.6587667283585503e+000
11 36 -5.9041753997761495e+000
11 37 -5.1634467542868989e-001
11 38 -3.2033378747263139e+000
11 39 -1.3378206499825709e-001
11 40 -3.4254626122436882e+000
11 41 8.4670326849921973e-001
11 42 -3.5437505168914689e+000
11 43 -7.1309539854774651e-001
11 44 3.7256555464583161e+000
11 45 7.6518052304755213e-001
11 46 -2.7597047962498782e+000
11 47 2.7463014775867403e+000
11 48 2.1309443490519259e-001
11 49 -7.7302233896924433e-001
11 50 2.8729707145483818e+000
11 51 -4.4954968041397487e+000
11 52 6.4134844629640164e-001
11 53 5.2237398934808699e+000
11 54 -4.3741905747542233e+000
11 55 -1.1333253950629158e-002
11 56 -3.0322700117740982e+000
11 57 1.9866890801553267e+000
11 58 -1.6882776861606497e+000
11 59 1.2088991614841551e+000
11 60 -2.6945058145606051e+000
11 61 -3.6036219991405738e-001
11 62 5.3742487633630889e-002
11 63 -3.2867680460391564e+000
11 64 -3.7970607770215845e+000
11 65 1.8879248501510160e+000
11 66 -3.4624869623447663e+000
11 67 -2.8492571160779847e+000
11 68 -2.3190474100433178e-001
11 69 -1.6904633577178168e+000
11 70 1.1293256232198632e+000
11 71 5.6269913448143463e+000
11 72 -3.7251860719968040e+000
11 73 -4.0230784976351810e+000
11 74 -1.1461992163001042e+000
11 75 4.3277881612052216e+000
11 76 -1.5459485760344864e+000
11 77 -3.4154493274897857e+000
11 78 2.6455576870877837e+000
11 79 3.0890033797034311e-001
11 80 -2.4151240707655770e+000
11 81 4.4031828020989633e-001
11 82 2.0792740119205004e+000
11 83 2.8701540970586743e+000
11 84 2.1446366771824059e+000
11 85 -3.7395823116773168e+000
11 86 -1.5859612179392593e-001
11 87 -1.3118409807071404e-001
11 88 5.7383996742679448e+000
11 89 1.7999632467613709e+000
11 90 3.4512397497658387e-001
11 91 -5.0433918959536284e+000
11 92 2.3437746038045191e+000
11 93 3.3264953269488604e+000
11 94 -4.3819945854604176e+000
11 95 -5.2693669722806491e-001
11 96 8.8249574345694770e-001
11 97 3.5837149507460899e+000
11 98 3.9418895518016455e+000
11 99 3.1588641980881613e+000
11 100 -2.4971702630469470e+000
12 1 8.1496788535619979e-002
12 2 -1.7943421388395058e+000
12 3 4.0861221977353992e+000
12 4 -1.6622126784647482e+000
12 5 6.0408646238124841e-001
12 6 -2.3887055138243287e+000
12 7 -3.5916385953339383e+000
12 8 -2.0669836236878698e+000
12 9 9.8511089058072498e-001
12 10 -1.7376853792787321e+000
12 11 -7.1314893379480238e-001
12 12 5.4354129684583945e+001
12 13 -2.5245740023284942e+000
12 14 6.2550486266175687e-001
12 15 -1.1824753710567086e+000
12 16 -1.6874028188603962e+000
12 17 3.1603631652439317e+000
12 18 2.3086233827744267e+000
12 19 3.3258305958496823e+000
12 20 -4.5317498089157988e+000
12 21 -2.7507559650070296e-001
12 22 1.5827532812884646e+000
12 23 1.5318496018164673e+000
12 24 -3.5301546724975137e+000
12 25 2.6174867373026229e+000
12 26 -5.4951561584169573e-001
12 27 -4.9688099297499102e+000
12 28 6.3735062382033947e+000
12 29 -1.7219376622058316e+000
12 30 -2.7914140712305588e+000
12 31 7.4995171251772308e-001
12 32 1.0802061488915076e+000
12 33 -1.6316479918708140e+000
12 34 -3.0334231780035497e+000
12 35 3.1490195759649708e+000
12 36 2.7670304304943172e+000
12 37 -3.9524977073900974e-001
12 38 1.8938808289971640e+000
12 39 -4.6323759426107575e-001
12 40 3.0036010996802656e+000
12 41 1.9506528221148034e+000
12 42 -6.3112400702009053e+000
12 43 3.4423571156084343e+000
12 44 -2.2878877487465998e+000
12 45 -1.7846350708952345e+000
12 46 -2.8844352701529687e+000
12 47 1.1227680832141702e+000
12 48 2.5007440475656377e+000
12 49 8.5885994295423962e-001
12 50 1.8654965601835389e+000
12 51 -2.2333594673975510e+000
12 52 -8.2503965687473535e-001
12 53 3.0512444147785449e+000
12 54 1.8830907559961236e+000
12 55 -7.1058327553382794e-001
12 56 2.4294609353805559e+000
12 57 -2.1620437739725120e+000
12 58 4.0753735700466853e+000
12 59 3.0014405088319487e+000
12 60 7.9748759036604966e-001
12 61 7.5282190842469161e+000
12 62 -1.5724226029885824e+000
12 63 -2.5901565267640048e+000
12 64 1.8523093513580406e+000
12 65 3.6358779694771082e-002
12 66 -9.1244528976757089e-001
12 67 3.0372455005119847e-001
12 68 -6.5997970714464085e+000
12 69 3.0721260510522965e+000
12 70 -3.7318760505685549e+000
12 71 -1.9819230735571443e+000
12 72 -1.0618476195956721e+000
12 73 3.3503392016412112e+000
12 74 -3.3650619876914500e-001
12 75 9.5579148585226578e-002
12 76 -2.9179373381981235e+000
12 77 -1.5117562882219044e+000
12 78 5.0392001755928986e+000
12 79 2.5234071703865202e-001
12 80 -1.4704309545352576e+000
12 81 -4.7048376151981932e+000
12 82 -3.2139701305922315e+000
12 83 -1.8402705649957294e+000
12 84 -1.4220725501434595e+000
12 85 3.6513362753119387e+000
12 86 5.7865559402708378e-001
12 87 -3.3589968998695524e-001
12 88 1.6391739041668363e+000
12 89 -4.5168176264764998e-001
12 90 -3.4175917700623426e+000
12 91 -9.5594373101101582e-002
12 92 -3.9623911245072234e+000
12 93 -1.3536376501451048e+000
12 94 -1.2381816784577714e-001
12 95 -1.3313629779634870e+000
12 96 -1.1986273433485595e+000
12 97 3.4975007003627807e+000
12 98 -3.3526859179695965e+000
12 99 -7.5581367769551786e+000
12 100 1.8458912717976304e+000
13 1 -2.3653759157407923e+000
13 2 -1.8637837321460138e+000
13 3 -1.0276602428382284e+000
13 4 3.8432244375545943e-001
13 5 4.5235196423357591e+000
13 6 3.5513659641264801e+000
13 7 -8.2487714927092559e-001
13 8 -2.6310240089286032e+000
13 9 -1.0043787605818872e+000
13 10 -3.5948020611758640e+000
13 11 -1.8861862239963312e+000
13 12 -2.5245740023284942e+000
13 13 5.1944358048834964e+001
13 14 -1.7866274729245113e-001
13 15 -1.0154325209916071e+000
13 16 -3.9048786002297766e+000
13 17 -3.9618943757489187e+000
13 18 -9.9198733037058062e-001
13 19 -2.5815168302574030e+000
13 20 1.1092826945317240e+000
13 21 5.8272628127824522e-001
13 22 4.5540751895443767e+000
13 23 5.2551288588688179e+000
13 24 -4.8820435321414397e+000
13 25 -2.6402769155860963e+000
13 26 -1.1636261395849190e+000
13 27 1.1252123334429467e-001
13 28 1.6819979162456935e+000
13 29 -2.3112711789379908e-001
13 30 -5.0421829560778841e-001
13 31 -2.6611627869938630e+000
13 32 2.9899665449864452e+000
13 33 8.6217900269234393e-001
13 34 3.5945982762525750e+000
13 35 -2.4764678717600201e+000
13 36 -4.4657635509589577e-001
13 37 2.4413927102212588e-001
13 38 2.4393441420902260e+000
13 39 -1.1294423153305806e+000
13 40 1.4042112445931501e+000
13 41 -2.7124348102981273e+000
13 42 -5.5804668673173445e+000
13 43 2.5011032221051570e+000
13 44 1.8992215504402412e+000
13 45 3.0006562965700159e+000
13 46 -5.6073492189383947e+000
13 47 1.0334324317377013e+000
13 48 -3.0449813838469106e+000
13 49 -3.5057616897132129e+000
13 50 2.0875137926097027e+000
13 51 -8.4442501272516779e-001
13 52 -4.3726034732305408e+000
13 53 -1.9064256645111732e+000
13 54 -4.9490887936524425e-001
13 55 -2.8326188619811439e+000
13 56 2.4715177912071842e+000
13 57 1.2930474128852527e+000
13 58 4.7102797537730421e+000
13 59 -4.0808605969003455e+000
13 60 -1.1749584343309454e+000
13 61 -1.1585415931944341e+000
13 62 -3.2682448271711889e-001
13 63 -3.0861734028923551e+000
13 64 -1.9614169365561462e+000
13 65 1.4805959700703788e+000
13 66 1.1013692720437214e+000
13 67 9.4511044593876670e-001
13 68 1.0493547867014983e+000
13 69 3.7543998418264155e+000
13 70 1.2802537319350999e+000
13 71 -8.6775262257947148e+000
13 72 -8.8927803148047979e-001
13 73 2.2757274291229085e-001
13 74 -1.7271185842257461e-001
13 75 4.6949222264163080e+000
13 76 2.9002921904881971e+000
13 77 -2.3824893532683311e+000
13 78 -2.5148658207659769e+000
13 79 -2.5850124281974152e+000
13 80 3.3615467436633555e+000
13 81 2.9540730993028816e+000
13 82 -5.5092306818951331e-001
13 83 -5.3604546446250845e-001
13 84 6.7750508570089252e-001
13 85 -4.0030208221178416e+000
13 86 -8.7978897627048214e-001
13 87 1.2356660568167093e+000
13 88 3.3333130636812869e+000
13 89 -4.1297951449654380e-001
13 90 -6.6452718800130119e+000
13 91 -1.1491107964627707e+000
13 92 -1.0135095675222101e-001
13 93 1.3294704213756905e+000
13 94 7.6401637654548722e+000
13 95 -1.9752694549067553e+000
13 96 9.6724212037201240e-001
13 97 -1.3816254457414192e+000
13 98 -2.2292646160287996e-001
13 99 -2.2053276636260195e+000
13 100 4.9150319746599029e+000
14 1 3.3220069454764856e+000
14 2 -2.2779162355293647e-001
14 3 -4.3907232079454834e+000
14 4 4.0880272398643172e+000
14 5 -6.3561005478495824e-001
14 6 -5.2003506051688042e+000
14 7 -1.0304197533534460e+000
14 8 -3.1667417627293304e+000
14 9 -1.8345959470757092e+000
14 10 3.6203308419639075e+000
14 11 -7.6520612293506227e+000
14 12 6.2550486266175687e-001
14 13 -1.7866274729245113e-001
14 14 5.4784011427804813e+001
14 15 2.8154420788900292e+000
14 16 2.2075667079660364e+000
14 17 -3.2292853159186263e+000
14 18 4.5619911053081239e+000
14 19 -1.8701888909426860e+000
14 20 1.6515150535279111e+000
14 21 3.3256789981686459e+000
14 22 -4.1931061357530580e-001
14 23 -9.7767729889994126e-001
14 24 3.5433863950357196e+000
14 25 -8.3052903603062472e-002
14 26 5.4215895780340828e-001
14 27 3.6448456913262239e+000
14 28 5.7608112364694595e+000
14 29 2.4644931562926895e+000
14 30 1.2241351411084280e+000
14 31 -1.1175432985497089e+000
14 32 1.6244224401787430e-001
14 33 -2.1710373221472303e+000
14 34 2.4212833047459394e+000
14 35 8.6238310204369173e-001
14 36 -2.1438356226154184e-001
14 37 -1.8595884130319049e+000
14 38 -1.4294335106506175e+000
14 39 -3.5726240144017529e+000
14 40 -2.1436101555066300e-001
14 41 2.2646958976020670e+000
14 42 -1.5515669987562373e+000
14 43 -2.4708791041623135e+000
