100
1 1 5.0280239456760988e+001
1 2 5.8928261054278543e+000
1 3 2.0610898438152363e+000
1 4 1.6839373312887491e+000
1 5 2.3461002824579960e+000
1 6 -1.4591944381360988e-001
1 7 -1.0928871140684433e+000
1 8 -4.3289563663240269e+000
1 9 -2.6519099281714138e+000
1 10 -2.3000870811822391e+000
1 11 -2.1678118337279981e+000
1 12 -2.3209433379431150e+000
1 13 1.4963894672806859e+000
1 14 1.2508456141429920e+000
1 15 -9.9108850833719087e-001
1 16 5.6019286592037171e-002
1 17 4.6585963206604850e+000
1 18 3.2003594084589855e+000
1 19 -2.0767213786130290e-001
1 20 2.5092059762200591e-001
1 21 3.4002631871757720e+000
1 22 7.7581530698691104e-001
1 23 3.8680615209594014e+000
1 24 -4.2660430008782839e+000
1 25 -7.5869437692091424e-002
1 26 -6.6160372898432562e-001
1 27 3.5711783480518178e-002
1 28 3.9093350303924796e+000
1 29 -3.0499991504529946e+000
1 30 -8.3534643102229711e-001
1 31 -9.5955417097697771e-001
1 32 9.2352081294901522e-001
1 33 -6.9644025330821924e+000
1 34 -8.6312687622317041e-001
1 35 5.0722092148578446e-001
1 36 2.0810692299260296e+000
1 37 -6.9388598907963388e+000
1 38 3.9988711320257275e+000
1 39 -3.2133457136630611e-001
1 40 -2.0391461615546915e+000
1 41 -5.0661645432154490e-001
1 42 4.1110542311333358e+000
1 43 -1.1968587662021446e+000
1 44 -4.0200718615642705e-001
1 45 -1.5700199818702796e+000
1 46 4.7948799577350121e+000
1 47 -3.5728862566559338e+000
1 48 1.6997679333409690e+000
1 49 -1.5773939772635743e+000
1 50 4.0742258118578112e-001
1 51 -9.5613977188306154e-001
1 52 7.7440188619239514e-002
1 53 -2.9156346958337034e+000
1 54 -4.9171281368027255e+000
1 55 7.5744444246009124e-002
1 56 2.0157668099027610e+000
1 57 1.5809009656421271e+000
1 58 -2.7358733534210824e+000
1 59 2.1196770322729002e+000
1 60 6.8810460791065742e+000
1 61 1.9588860247811828e+000
1 62 -4.9964939347893669e+000
1 63 1.2667913767333827e+000
1 64 2.4957879202750508e+000
1 65 4.8488882175020560e+000
1 66 -2.7199661533546564e+000
1 67 -7.7955099359987079e+000
1 68 -5.3481954541988808e+000
1 69 -3.7327614356520900e+000
1 70 -2.7586889916717172e-001
1 71 4.4615551277516619e-001
1 72 -4.4290014404396816e-001
1 73 -2.1017393224668464e+000
1 74 1.0670902250747183e-002
1 75 -1.3251380236631860e+000
1 76 9.1289028519079296e-001
1 77 -2.2375252599573459e-001
1 78 1.4738839139954774e-002
1 79 -2.4802600047248782e+000
1 80 4.4596178393962411e+000
1 81 2.3213523519778523e+000
1 82 -7.4608924177885214e+000
1 83 2.0856880404324607e+000
1 84 -7.5156891057707642e-001
1 85 -3.1286518624159623e+000
1 86 5.8261662880797815e-001
1 87 -2.9233622972510265e+000
1 88 8.5311542760630044e-001
1 89 -7.0875564358215826e-001
1 90 1.4726790801722400e+000
1 91 3.9000130582150496e+000
1 92 -3.7304468200234742e+000
1 93 1.5002305901943469e+000
1 94 -1.2306215493178412e+000
1 95 -1.8663170273924730e+000
1 96 2.7952820638802462e+000
1 97 -1.5442891866424024e+000
1 98 -3.6339532300253992e+000
1 99 -5.8438999868591468e-001
1 100 -1.6884372479841556e+000
2 1 5.8928261054278543e+000
2 2 4.9586864744271800e+001
2 3 -1.5467523525242879e+000
2 4 -7.3205278992126671e-002
2 5 -3.8278900555019102e+000
2 6 -7.5958463468885884e-001
2 7 -3.0348718860200008e-001
2 8 -3.0927018511482012e+000
2 9 -1.5656128130815070e+000
2 10 3.3518456201243780e+000
2 11 -2.9975642920998578e+000
2 12 -6.9866831005135168e+000
2 13 6.5538977666341813e-002
2 14 1.6941596285594747e+000
2 15 -8.3832931427687829e-001
2 16 -3.9834173583556822e+000
2 17 1.5250992537508545e-001
2 18 -5.2791590082230657e+000
2 19 3.0288824864260917e+000
2 20 -1.7806209306890799e+000
2 21 -2.7930253774907658e+000
2 22 3.5701286082224302e+000
2 23 7.3268821334780831e-001
2 24 -4.9995201359243657e-001
2 25 -3.8815770606616509e+000
2 26 -5.4067795500174585e+000
2 27 -4.2149753423528136e+000
2 28 1.6764539477701363e+000
2 29 -1.9684413101370252e-001
2 30 -1.5074283663258714e-001
2 31 -5.7919671160536312e+000
2 32 2.9510453165202716e-001
2 33 4.9804444556367899e+000
2 34 2.1545641727412774e+000
2 35 -1.7310869881500992e+000
2 36 1.2413598505188346e+000
2 37 1.6555160945109821e+000
2 38 -2.0756104934609465e-001
2 39 1.8799952053112572e+000
2 40 -7.8405859272718703e-001
2 41 3.3325363144293534e+000
2 42 -1.5949750373487293e+000
2 43 7.1849950916020450e-002
2 44 -2.2440352805040789e+000
2 45 -2.1875717196359705e+000
2 46 3.1651657018583057e-001
2 47 3.2609354538245749e-001
2 48 -3.4158480535464919e-001
2 49 -6.4156302452435487e-001
2 50 3.6270635431896232e+000
2 51 5.4504454019108524e+000
2 52 -3.7507004070369359e+000
2 53 1.9329113487759026e+000
2 54 -1.8014455583150806e+000
2 55 4.0319793677704805e+000
2 56 4.7595032116754883e+000
2 57 2.0318805304077273e-001
2 58 2.2048013788252616e+000
2 59 -1.9388240511168222e+000
2 60 -4.5983105964993198e+000
2 61 -4.7850027372926185e-001
2 62 -1.9809821586065379e+000
2 63 7.4133409221211917e+000
2 64 1.1991463608536406e+000
2 65 2.0213803787352189e+000
2 66 -1.3248850110858801e-002
2 67 1.6073651709601235e+000
2 68 -7.2624105605711131e-001
2 69 3.9800082236141709e-001
2 70 2.1073807200641994e+000
2 71 -7.0724298588199486e-001
2 72 1.8532001613875504e-001
2 73 -1.5451432230353406e+000
2 74 3.7427767636191018e+000
2 75 6.1469629034115494e+000
2 76 1.7441536206346804e+000
2 77 -2.0870895897436199e+000
2 78 -3.3068291198694966e+000
2 79 -2.4767110105294075e+000
2 80 1.3391279077694851e-001
2 81 4.5873233913951266e+000
2 82 1.8664401399506521e+000
2 83 -3.4047623784881424e+000
2 84 8.9032803559862639e-001
2 85 3.9722470025691647e+000
2 86 5.1956289026689548e+000
2 87 -3.5911653171386204e+000
2 88 4.8349884330458490e+000
2 89 -8.6111015132364299e-002
2 90 -6.5841074937600930e-001
2 91 3.9163190627922972e-001
2 92 -4.5691662016718992e-001
2 93 2.5215462761457221e+000
2 94 1.8364592085828961e+000
2 95 3.8641325700838394e+000
2 96 3.9575496722733980e+000
2 97 1.5637246511677738e+000
2 98 2.8670304373564770e+000
2 99 -1.3677046072326164e+000
2 100 -1.6423918291822568e+000
3 1 2.0610898438152363e+000
3 2 -1.5467523525242879e+000
3 3 4.7929912188203012e+001
3 4 8.4204736835693028e-001
3 5 9.4174628800773674e-001
3 6 -7.7156406602501337e-002
3 7 1.7292607820045967e+000
3 8 2.9789874506867049e+000
3 9 4.2531668847852959e+000
3 10 -3.2567849195535374e+000
3 11 2.0130907910744567e+000
3 12 -2.7861473703416926e+000
3 13 -1.4781683385476241e+000
3 14 2.0185553445672850e+000
3 15 1.2238723632393895e+000
3 16 4.5611948217138485e+000
3 17 1.3592518711432805e-001
3 18 -1.1445518147583813e+000
3 19 1.6522075206640174e+000
3 20 1.2551761259902516e-001
3 21 7.5390898488579938e-002
3 22 -5.3427812241488652e+000
3 23 -2.9600221478646898e+000
3 24 5.5815449922615779e-001
3 25 -5.8232018418368270e-001
3 26 -2.9173397927088525e+000
3 27 -2.8494923484798540e+000
3 28 5.4834494016169910e-001
3 29 -7.4557525604604491e-002
3 30 -6.4041358106080926e-001
3 31 -3.1254480267419029e+000
3 32 2.6424857828450392e+000
3 33 -2.7249496713241790e+000
3 34 -7.9629279990474189e-001
3 35 -3.2346890346712684e+000
3 36 9.1438277303171644e-001
3 37 3.2363020789064096e+000
3 38 2.0777220711794664e+000
3 39 -3.7017202638159938e+000
3 40 -2.5497122617634282e+000
3 41 4.0921397851546999e+000
3 42 3.4631681198616415e+000
3 43 -2.1630383102312019e+000
3 44 -2.0357877291302437e-001
3 45 1.4616816143379077e+000
3 46 1.0926051358896349e+000
3 47 -8.3160547218846759e-001
3 48 4.7097705275278638e+000
3 49 1.0084034054337363e+000
3 50 -2.8552301806475979e+000
3 51 -3.4601999597397528e+000
3 52 -7.7458685411005925e+000
3 53 5.6737134753767671e-001
3 54 -2.2987025145953903e+000
3 55 -2.5183667400916665e+000
3 56 -2.7709100711030641e+000
3 57 2.8236394353220340e-002
3 58 -4.2646652396525608e-001
3 59 4.6323788816874067e+000
3 60 1.7335209218131469e+000
3 61 -1.8547256694196390e+000
3 62 3.2854270945200659e-002
3 63 9.6172840972876594e-001
3 64 5.5055220107656924e+000
3 65 4.6879279857959002e+000
3 66 -8.2333694504252375e-002
3 67 -2.9852153509855488e+000
3 68 -5.3124602954639268e+000
3 69 5.0993530652008339e+000
3 70 2.3206287870442033e+000
3 71 5.0581191104568868e-001
3 72 -6.8829899288563379e+000
3 73 3.6818970524352497e+000
3 74 5.9122143245915837e-001
3 75 3.8011081068254162e+000
3 76 -1.3244215254334454e-001
3 77 4.0131829190538287e-001
3 78 -3.5892191232939337e+000
3 79 -3.6940403986633541e-001
3 80 -1.3992516438242668e+000
3 81 1.4658980764872391e+000
3 82 -5.4276454124527529e+000
3 83 2.8424818804666008e-001
3 84 4.3209419193814584e+000
3 85 -5.4244210810359994e-001
3 86 -3.0075247223443138e+000
3 87 2.8787449328969243e+000
3 88 1.0162327775197173e+000
3 89 4.9727905979045754e+000
3 90 -3.6717890347616233e+000
3 91 5.9526462330964449e+000
3 92 -2.2394953554639754e+000
3 93 -3.7086053607528631e+000
3 94 1.2606923511723007e+000
3 95 4.3434901821137881e+000
3 96 -1.8275788816412208e+000
3 97 -3.3092671710025239e+000
3 98 -1.0640928311539426e+000
3 99 -2.4874605723127576e+000
3 100 -2.8371527667810092e-002
4 1 1.6839373312887491e+000
4 2 -7.3205278992126671e-002
4 3 8.4204736835693028e-001
4 4 4.9594603842732042e+001
4 5 1.5156639697159033e+000
4 6 3.5455281747284055e+000
4 7 -5.9620175471980974e-001
4 8 -8.5585395305121037e-001
4 9 1.8083142783373531e+000
4 10 3.3217204666376454e+000
4 11 1.4935314518331380e+000
4 12 -3.5132599979927890e+000
4 13 -2.1049801539292163e+000
4 14 3.4974688153499633e-002
4 15 -1.5240440308478060e+000
4 16 -1.3414798881227017e+000
4 17 -4.4916985638987370e+000
4 18 -2.0832319132008577e+000
4 19 9.6617821217865529e-001
4 20 3.0768960325547803e+000
4 21 8.6028058529065043e-001
4 22 -8.6833122876688906e-001
4 23 2.6322114777522204e-001
4 24 -2.6981276618440644e+000
4 25 3.2716419003605113e+000
4 26 -2.2050779034041166e+000
4 27 5.0119730727573071e+000
4 28 -1.6242629824896342e+000
4 29 1.4115541710739830e+000
4 30 -7.5928371147353046e-001
4 31 5.4166116591748881e-001
4 32 2.6236783685603871e+000
4 33 -1.7105580625114265e+000
4 34 3.7079482815191920e+000
4 35 -4.4409166655994117e+000
4 36 4.2266394317423533e-001
4 37 1.6837302051646903e+000
4 38 8.2530464886458677e-001
4 39 2.3076496308887471e+000
4 40 -6.9905880879315541e-001
4 41 3.0570592862385437e+000
4 42 4.5534896021549498e-001
4 43 4.0431862725443253e+000
4 44 -1.7179887915108942e+000
4 45 6.1900512567543198e-001
4 46 -3.3326546432094006e-001
4 47 -2.1614984817631555e+000
4 48 2.3956246070558063e+000
4 49 2.0127036895885384e+000
4 50 2.8212862692373513e+000
4 51 2.8760959470624803e+000
4 52 9.9822621711593107e-001
4 53 1.7677568904251526e+000
4 54 -4.7818315546474981e+000
4 55 3.3029571966477635e+000
4 56 -5.4670752061960419e+000
4 57 -9.1666293656016418e-001
4 58 -2.4421019975268683e+000
4 59 3.6191412524958446e+000
4 60 -1.5191212123925293e+000
4 61 -2.0311554739106805e+000
4 62 9.4537971038231472e-001
4 63 -3.6771443596580369e+000
4 64 -2.3250513794967880e+000
4 65 -7.6908397634756376e-001
4 66 3.0548764874244019e+000
4 67 4.0447593399053439e+000
4 68 -1.2674399519832245e+000
4 69 4.4198560292959765e+000
4 70 -9.0733577968963042e-001
4 71 1.9474505876512191e+000
4 72 6.3684922329148792e+000
4 73 1.3937572281546793e+000
4 74 2.8408625771658906e+000
4 75 -1.9341273724972829e+000
4 76 3.9648132003320549e+000
4 77 -1.4283041814832631e+000
4 78 -2.3053569141097308e+000
4 79 -6.7462701139511285e+000
4 80 -2.4917198783143637e+000
4 81 6.4877848370223201e-001
4 82 -2.1163328806656478e+000
4 83 5.1445529339915419e-001
4 84 -3.8286174442693124e+000
4 85 -3.3403219575977077e+000
4 86 -3.9702735575564270e+000
4 87 5.5547083023157873e-001
4 88 -1.0367166670406038e+000
4 89 -3.0292040557352640e+000
4 90 2.5693489413842823e+000
4 91 8.9906646180817451e-002
4 92 -2.3685257334197543e+000
4 93 -4.4346030936449541e+000
4 94 1.8090374575638055e+000
4 95 -1.5918660342244759e+000
4 96 -4.1770724629996892e+000
4 97 -3.8473178558512875e+000
4 98 3.0111023432824759e+000
4 99 -1.1463637776528939e+000
4 100 -4.6792602044590978e+000
5 1 2.3461002824579960e+000
5 2 -3.8278900555019102e+000
5 3 9.4174628800773674e-001
5 4 1.5156639697159033e+000
5 5 4.7308216991739194e+001
5 6 9.2304433280477372e-001
5 7 -2.5885878220290914e+000
5 8 2.5625290611381710e+000
5 9 -3.2342463003340369e+000
5 10 3.0170780061687932e+000
5 11 -1.5423753609813557e+000
5 12 -2.4814215065958170e+000
5 13 -2.0819190384815411e-001
5 14 -1.7694397239575610e+000
5 15 -5.1373440928771190e+000
5 16 -3.1859908504003935e+000
5 17 1.3359860529475900e+000
5 18 -5.5940144586853480e-001
5 19 -2.5291933587557036e+000
5 20 3.2093827896202223e+000
5 21 3.6571855822645377e-001
5 22 3.2181966058928135e-001
5 23 -1.3726927921649597e+000
5 24 -1.1017028744835420e+000
5 25 -5.4833787232427369e+000
5 26 2.2257947788881247e+000
5 27 -6.5438736038586214e+000
5 28 -6.3142821889517375e-001
5 29 2.4583628840507745e+000
5 30 -2.1930282440596449e-001
5 31 -4.7661179064709169e-001
5 32 3.2114671357772467e-001
5 33 -2.3912210976271434e-001
5 34 4.9574517998531160e+000
5 35 -3.5160064668054751e+000
5 36 -1.6418308876285170e+000
5 37 8.8832850164423327e-001
5 38 1.7061355692077548e-001
5 39 -3.3852803457925500e+000
5 40 1.5105442979085404e+000
5 41 -2.7339024977690110e+000
5 42 -1.1238266201970890e+000
5 43 2.9184748101530245e+000
5 44 6.5738246040963544e+000
5 45 1.2616401368522094e+000
5 46 3.0903715289681699e-001
5 47 -1.4791928555008056e+000
5 48 1.5553847081194174e+000
5 49 1.4981199112866581e+000
5 50 3.1549588669911475e+000
5 51 4.3364606613245860e-001
5 52 3.4127816381641729e-001
5 53 -2.0007124564390693e+000
5 54 3.6651992986369222e+000
5 55 -2.7030407067114894e+000
5 56 1.2602386483276249e+000
5 57 1.8863918792103485e+000
5 58 -3.1637869456966095e+000
5 59 -1.4637938436063496e+000
5 60 -5.6750192483992929e+000
5 61 -6.9973468851091480e+000
5 62 -5.3491448458538464e+000
5 63 4.2654656495868339e+000
5 64 6.4019078113034773e+000
5 65 -4.5271232071864560e+000
5 66 -4.7137685484656746e+000
5 67 2.6712845719425689e+000
5 68 -1.7415571203011297e+000
5 69 -2.5679768533698910e+000
5 70 -3.2351308928584781e+000
5 71 -2.7725317453029366e+000
5 72 -1.1634931417529906e+000
5 73 6.4092091679002348e+000
5 74 -1.0577410855620695e+000
5 75 2.1939224057855538e+000
5 76 -9.2856628186559032e-001
5 77 8.2116522067070274e-001
5 78 5.0395946904238631e+000
5 79 1.3299135820838517e+000
5 80 -4.9857468246649557e+000
5 81 3.6927314357161900e-001
5 82 -2.5780496896780825e-001
5 83 4.0224921002127703e+000
5 84 2.4073005761477555e+000
5 85 -2.3004080938125082e-001
5 86 -2.1610423079369019e+000
5 87 1.5333898641157124e+000
5 88 -7.3513823931672329e-001
5 89 7.8219489833177547e-001
5 90 1.5461127725750015e+000
5 91 8.9028906754660309e-001
5 92 1.2092503545117430e+000
5 93 2.3870162533629284e+000
5 94 -2.8416245275860414e+000
5 95 1.4363006116393919e+000
5 96 -2.0399859842174268e+000
5 97 1.4162415883462951e+000
5 98 -4.2206513445529046e+000
5 99 5.4761630090854241e-001
5 100 -4.7008111185283203e+000
6 1 -1.4591944381360988e-001
6 2 -7.5958463468885884e-001
6 3 -7.7156406602501337e-002
6 4 3.5455281747284055e+000
6 5 9.2304433280477372e-001
6 6 5.5126276997469255e+001
6 7 2.8512698505604384e+000
6 8 7.6019733168463866e+000
6 9 -1.6855887327185977e+000
6 10 7.7218538798587999e-001
6 11 2.1189106315161477e-001
6 12 3.9417407131032162e-001
6 13 4.2418177849061517e-001
6 14 -3.3379523133746380e-001
6 15 -1.4200964732474881e+000
6 16 1.8761556094718699e+000
6 17 -2.0036746748975781e-001
6 18 -2.5801089340302430e-001
6 19 2.7483094334150744e+000
6 20 -2.8639828072351357e+000
6 21 -1.5174832191563159e-001
6 22 6.8039550891519003e+000
6 23 2.1948682511846314e+000
6 24 -1.7906324533502049e+000
6 25 2.4201580447919371e+000
6 26 1.0480040043166916e+000
6 27 3.9385224105439400e+000
6 28 2.2889890969026281e+000
6 29 2.8408244602251962e+000
6 30 -2.2624476969172993e+000
6 31 -1.6197258356918729e+000
6 32 -2.5148799265093409e+000
6 33 1.0607412968629597e+000
6 34 3.4636097880519969e+000
6 35 -1.5680408577839433e+000
6 36 -7.3033597471066765e+000
6 37 -6.6384093845724468e-001
6 38 -5.3344489029926367e-001
6 39 6.5146526419193096e-001
6 40 -7.8052861982263377e-001
6 41 2.3608885049676476e-001
6 42 1.9601489849008682e+000
6 43 3.9078727589338418e+000
6 44 -3.7104093894403878e+000
6 45 5.1374008664723219e+000
6 46 -2.9438300265320883e+000
6 47 -9.4432582991735070e-001
6 48 -2.8530931307049561e+000
6 49 -3.1501120965957501e+000
6 50 2.6207478073045043e+000
6 51 -1.3401099755485275e+000
6 52 -1.5445362650329603e-001
6 53 -8.4975774820450156e-001
6 54 -6.7656521031463255e+000
6 55 -1.4459568783061212e+000
6 56 2.6827455376063747e+000
6 57 -1.6331476065690206e-001
6 58 -3.9913527854348194e+000
6 59 5.2576088015135802e-001
6 60 7.2994917397064496e-001
6 61 -3.1680031183889721e+000
6 62 -2.9924652500642686e+000
6 63 4.0702268696398880e+000
6 64 -1.4340051080953429e+000
6 65 -1.7136773271079004e+000
6 66 -3.6217972296242475e+000
6 67 1.6806627707772639e+000
6 68 1.7476540426014826e+000
6 69 -2.0789014277174220e+000
6 70 -5.8504195812808268e-001
6 71 1.5302608801612749e+000
6 72 -8.0233505545065031e-001
6 73 -3.8652933773501799e+000
6 74 -1.3914064104930166e+000
6 75 2.7312824773060722e+000
6 76 -3.6825427093870244e+000
6 77 -8.4292997980056550e-001
6 78 4.9850019147207734e+000
6 79 2.6543824696370257e+000
6 80 4.0984674053935821e+000
6 81 2.5407068540777780e+000
6 82 -3.4311260004043085e+000
6 83 -6.4152914880307783e+000
6 84 1.1784090075596836e+000
6 85 -1.2392487415324580e+000
6 86 -4.3872288949348786e+000
6 87 -5.7286639650331839e-001
6 88 3.2222502074132953e-001
6 89 -3.6848154588183468e-001
6 90 -2.3281518732129998e+000
6 91 2.0271595447539887e+000
6 92 -1.7188885993331906e+000
6 93 3.4196090679533766e+000
6 94 -5.6901725041827733e+000
6 95 1.3931414830461446e+000
6 96 -4.0784039346730010e+000
6 97 2.0512822873064183e+000
6 98 -1.0440893054045790e+000
6 99 7.1131078459792874e-001
6 100 1.2536850263951966e+000
7 1 -1.0928871140684433e+000
7 2 -3.0348718860200008e-001
7 3 1.7292607820045967e+000
7 4 -5.9620175471980974e-001
7 5 -2.5885878220290914e+000
7 6 2.8512698505604384e+000
7 7 5.1813034142664208e+001
7 8 2.7427668331166419e+000
7 9 -5.6355779273878923e+000
7 10 1.8492806909930253e+000
7 11 3.8253943888181405e+000
7 12 4.4929617810019623e-001
7 13 1.9577346055741507e-001
7 14 -1.5190323250233401e-001
7 15 3.8148842535914964e+000
7 16 5.4111395169799736e-001
7 17 -7.6512739367703198e-002
7 18 1.1355613680406718e-001
7 19 -2.3627247750525253e+000
7 20 2.2546170382175335e-001
7 21 -1.0612995099097073e+000
7 22 -1.8605819986493195e+000
7 23 -4.4998947218772436e+000
7 24 1.2152708813904756e+000
7 25 -2.9296813851564711e+000
7 26 -4.0031321007852521e+000
7 27 -5.0225036827130412e+000
7 28 3.7072555895043013e+000
7 29 -1.1707332542844078e+000
7 30 -2.4009296734742280e+000
7 31 -5.1016410515206925e+000
7 32 2.9609272597819749e+000
7 33 1.6315552606665076e+000
7 34 -2.2832894253656999e+000
7 35 -1.3972134729598835e+000
7 36 8.1970612540463750e-001
7 37 2.0313994539974143e+000
7 38 -1.3715321466236186e+000
7 39 -1.9052830753498333e+000
7 40 -3.2336590930052624e+000
7 41 -4.7601468387943102e+000
7 42 -4.9122511657193355e+000
7 43 4.7264227760543651e+000
7 44 4.2399812846735356e+000
7 45 -8.1334023653136911e-001
7 46 -1.2544372811164310e+000
7 47 2.3915220638186168e+000
7 48 -3.8571015519079728e+000
7 49 2.7495433652244246e+000
7 50 9.5788642442741567e-001
7 51 2.6164226354975062e+000
7 52 9.2489899344626103e-001
7 53 1.6398826305668239e+000
7 54 2.4309200079524409e+000
7 55 -4.5958061803544448e+000
7 56 -7.5079633425083181e-001
7 57 8.2039443863779704e-002
7 58 -3.4038908175283251e+000
7 59 2.5267780852622277e+000
7 60 3.6596743457756133e+000
7 61 5.2665845174791459e-001
7 62 5.8160018685240822e-001
7 63 1.2757296210257372e+000
7 64 2.1050904385985412e+000
7 65 -2.7583535153183916e+000
7 66 -9.0105758103407513e-002
7 67 -5.6875909458796787e+000
7 68 -2.5148135653675010e+000
7 69 5.2871452287088818e+000
7 70 7.9992753645249799e+000
7 71 8.5484109026735355e-001
7 72 1.8271512417959923e-001
7 73 -4.5198636088231412e+000
7 74 -2.1484993175741027e+000
7 75 -2.6408177669324915e+000
7 76 -1.3729505876792017e-001
7 77 -1.7791446405097606e+000
7 78 -4.2024885490475459e+000
7 79 2.4968395822105061e+000
7 80 -1.8679925283474317e+000
7 81 -4.3905334383793493e+000
7 82 5.0062994399249960e-001
7 83 3.9638082731346804e+000
7 84 3.2906357803169195e-002
7 85 3.9442433298237889e+000
7 86 3.0285487600798161e-001
7 87 3.1566565626916905e+000
7 88 3.2409954741044831e+000
7 89 -1.5622976677073110e+000
7 90 7.0902888142244902e-001
7 91 -3.9112222164024169e+000
7 92 -6.8098870591005989e-001
7 93 4.3418490416697679e+000
7 94 -2.6702047124304991e+000
7 95 2.2036799404945501e-001
7 96 -7.0271401156729385e-001
7 97 1.3116327050385668e+000
7 98 -9.5920431789281413e-001
7 99 3.5621471244148815e+000
7 100 -2.8556648012915096e+000
8 1 -4.3289563663240269e+000
8 2 -3.0927018511482012e+000
8 3 2.9789874506867049e+000
8 4 -8.5585395305121037e-001
8 5 2.5625290611381710e+000
8 6 7.6019733168463866e+000
8 7 2.7427668331166419e+000
8 8 5.2661637102619210e+001
8 9 2.0203119257310242e+000
8 10 2.7630091616131889e+000
8 11 1.3599090338376265e+000
8 12 -2.7239811767850832e+000
8 13 -3.4378638324516380e+000
8 14 -4.9519576898136846e+000
8 15 1.1730088144718940e+000
8 16 -8.4774703457956213e-001
8 17 -2.0370987221300076e+000
8 18 -2.8309842290740761e-001
8 19 -2.8944441205379809e+000
8 20 -3.0562401978578585e-001
8 21 -6.5556820635661517e-001
8 22 -1.1883680237421557e-001
8 23 -3.5214237763068206e+000
8 24 1.1621597676793707e+000
8 25 -2.9424587775642816e+000
8 26 3.2892125444739384e+000
8 27 4.6124865123810715e-001
8 28 1.4603028120412453e+000
8 29 -1.6062886017413214e+000
8 30 8.4207755236234583e-001
8 31 1.8558677577178078e+000
8 32 -2.7097216437633280e+000
8 33 -4.6992603029496696e+000
8 34 -4.6708849478166421e+000
8 35 -6.2802612969261512e-002
8 36 -1.9579717146111961e+000
8 37 1.3181148249465868e+000
8 38 3.5586724993269438e+000
8 39 -3.1772548804658753e+000
8 40 1.2318064334526579e+000
8 41 -1.6963880589878642e+000
8 42 7.6006341703999132e+000
8 43 2.8303868506598668e+000
8 44 -2.3375977538855555e+000
8 45 -5.1745258614068597e+000
8 46 5.1855230488868376e+000
8 47 3.1664294464301940e-001
8 48 -8.5873306482249867e-001
8 49 -4.5299648354651243e+000
8 50 9.7198405223422257e-001
8 51 -1.6848450684689349e+000
8 52 -2.4904527712251628e-001
8 53 2.3819634219314725e-001
8 54 -5.5129623755048995e-001
8 55 4.4274399108018123e+000
8 56 -4.1753902836022831e+000
8 57 4.0238075455130788e+000
8 58 -3.2606213851490837e+000
8 59 -8.5229155654162558e-001
8 60 -2.3558891398311412e+000
8 61 -8.2379330984727062e-001
8 62 5.4256495524078510e+000
8 63 -6.5624555450396240e+000
8 64 1.0356368802499905e-001
8 65 -4.9013178051999811e+000
8 66 -3.9497937510901009e+000
8 67 -3.6956006359585962e+000
8 68 6.4620921920437169e-001
8 69 -1.5992656083781045e+000
8 70 -2.2621851531577422e+000
8 71 -1.3219196279606806e+000
8 72 1.8265488008697186e+000
8 73 3.5436110155731240e+000
8 74 2.6009478830733359e+000
8 75 -3.5946305777239864e+000
8 76 4.0560500962938297e+000
8 77 5.8231358511970521e+000
8 78 -7.7914665295038188e-001
8 79 1.3344014924530274e+000
8 80 2.7756571997908415e+000
8 81 5.1553412785785273e+000
8 82 2.5873700001520570e+000
8 83 -3.4977512799671775e+000
8 84 2.4736031913007648e+000
8 85 -1.0046630078687799e+000
8 86 1.0349245535378979e+000
8 87 1.4376223821184326e+000
8 88 -3.3731997066917552e-001
8 89 -3.8527565373386707e-001
8 90 -1.8766592197710774e+000
8 91 -2.7502888180002549e+000
8 92 5.9126035813595639e+000
8 93 -3.7500492515489041e+000
8 94 2.1457261022701042e+000
8 95 2.6218360228821798e+000
8 96 -1.4328494482345158e+000
8 97 4.7234731281117581e-001
8 98 1.5261630829049615e+000
8 99 7.4590638199859338e-001
8 100 -1.7904117876043655e+000
9 1 -2.6519099281714138e+000
9 2 -1.5656128130815070e+000
9 3 4.2531668847852959e+000
9 4 1.8083142783373531e+000
9 5 -3.2342463003340369e+000
9 6 -1.6855887327185977e+000
9 7 -5.6355779273878923e+000
9 8 2.0203119257310242e+000
9 9 5.1167494632773874e+001
9 10 -1.2923332549895341e+000
9 11 -1.5475495925355298e+000
9 12 -1.4507290269134199e+000
9 13 7.3552203014010942e-002
9 14 2.7681829212059652e+000
9 15 -1.0175140115706562e+000
9 16 4.2719639747466855e+000
9 17 -2.4534463808552598e+000
9 18 -2.4004150563385780e+000
9 19 -1.3230709094592208e+000
9 20 7.3427289137458240e-001
9 21 2.4695519752896797e+000
9 22 7.7580938097485785e-001
9 23 8.9074564131208511e-003
9 24 -2.2586837683810095e+000
9 25 -1.7603271833897132e+000
9 26 3.4052382231772524e+000
9 27 -3.2142527084205941e-001
9 28 1.2315710951241841e+000
9 29 1.8261500874720995e+000
9 30 3.9641437887402957e+000
9 31 -6.5283229675866750e-002
9 32 4.4469356559148370e+000
9 33 -2.0413592009773183e+000
9 34 2.3445236053454845e+000
9 35 6.4915048629347394e-001
9 36 -1.9446889089951298e+000
9 37 8.6242761553565350e-001
9 38 -1.1180962018495055e+000
9 39 3.0933311991045917e-002
9 40 1.6394843663001057e-001
9 41 -1.9821052252963960e+000
9 42 3.4157300637898085e+000
9 43 -4.3358841717529746e+000
9 44 3.6021018617772710e-001
9 45 -3.8488338852221853e+000
9 46 -3.7747550335740030e+000
9 47 3.3272828106478256e+000
9 48 2.4881530720704772e+000
9 49 3.6190112012768880e+000
9 50 1.4577567122163035e+000
9 51 -6.0455384808113743e+000
9 52 5.2951856659738616e-001
9 53 5.2058780808748750e+000
9 54 -1.7350507800287083e+000
9 55 -3.8377950669058718e+000
9 56 -1.6730238943110274e+000
9 57 -2.9492125559554152e+000
9 58 -2.3041997893039010e+000
9 59 -4.2788734037141518e+000
9 60 6.6518985360889044e-002
9 61 -1.1161032101802491e+000
9 62 3.4359961707272951e-001
9 63 2.4171844434318626e+000
9 64 4.0868188000160055e+000
9 65 -1.1674168027626044e+000
9 66 -1.8801349440691764e-001
9 67 8.8470803696981326e-001
9 68 1.9895490809921770e+000
9 69 -4.0107435483283338e-001
9 70 -1.8660205704755786e+000
9 71 1.7036503632944933e+000
9 72 -2.0444437806376219e+000
9 73 -5.4514860770853124e-001
9 74 -2.1980386197362782e+000
9 75 6.5455666648820821e-001
9 76 -4.8745466747045212e+000
9 77 4.6961691244869597e+000
9 78 -7.7233422103797533e-001
9 79 2.9441934651602857e+000
9 80 3.1797090775856698e+000
9 81 4.0889456355430571e+000
9 82 1.9162400289113624e+000
9 83 -1.0566238195607494e+000
9 84 -4.8584543647486056e+000
9 85 -1.5848764494098450e-001
9 86 -3.8192728151172037e+000
9 87 -3.2611141111257242e+000
9 88 2.2170939087173021e+000
9 89 5.6338777909099944e+000
9 90 -3.4007320272953745e+000
9 91 2.4980204837072466e+000
9 92 1.0949995822216960e+000
9 93 -3.1328868621091113e+000
9 94 1.0437208773724585e-001
9 95 5.1110127427348750e-001
9 96 -1.9033956470142099e+000
9 97 4.8258179354818038e+000
9 98 -4.6252005096041273e+000
9 99 1.6626288714012918e+000
9 100 -2.3610186164531886e+000
10 1 -2.3000870811822391e+000
10 2 3.3518456201243780e+000
10 3 -3.2567849195535374e+000
10 4 3.3217204666376454e+000
10 5 3.0170780061687932e+000
10 6 7.7218538798587999e-001
10 7 1.8492806909930253e+000
10 8 2.7630091616131889e+000
10 9 -1.2923332549895341e+000
10 10 5.0176764706656712e+001
10 11 -1.5104443789400148e+000
10 12 -2.5841236120403162e+000
10 13 3.7245118610950758e+000
10 14 3.5218594120992495e+000
10 15 -3.7903815545190076e+000
10 16 -1.3384806042130686e+000
10 17 2.7109724911641662e+000
10 18 1.3320571152965177e+000
10 19 3.4382391577890647e-001
10 20 -2.4860545399143974e+000
10 21 -3.1874219819541429e+000
10 22 3.4740720623840282e-001
10 23 -1.6438203715615827e+000
10 24 2.6712376891699665e+000
10 25 -1.3188656346303902e+000
10 26 -1.5831168624846157e+000
10 27 2.1570769132562995e-001
10 28 -6.5605007061963838e-001
10 29 -4.5279546725258699e+000
10 30 2.3558315024788568e-001
10 31 -3.7084434652164147e+000
10 32 2.7484036381039405e+000
10 33 1.5660537190983455e+000
10 34 2.5052924178433313e+000
10 35 -1.9858413255365199e+000
10 36 -5.4501737289157159e-001
10 37 -1.3572524039134428e+000
10 38 4.1568614860804711e+000
10 39 5.9168130220527049e+000
10 40 -4.1300047321849531e+000
10 41 1.3354902563848206e+000
10 42 3.9432945493726628e+000
10 43 -3.1808018884154770e+000
10 44 4.8398678734055665e+000
10 45 1.4344630190447965e+000
10 46 -8.7517290592260055e-001
10 47 -1.0741169249544114e+000
10 48 8.0469391428978354e-001
10 49 -7.9530465629345470e-001
10 50 -8.3233279667429141e+000
10 51 -2.0958731699987627e+000
10 52 -5.2194734543928267e-001
10 53 2.2861181815583862e+000
10 54 6.3654584443277376e+000
10 55 -7.1704199047760175e-001
10 56 -2.2069578147344808e+000
10 57 4.1969975814796285e+000
10 58 3.2369823149398620e+000
10 59 -1.0638260191853539e+000
10 60 -2.5119497670386322e+000
10 61 -8.2587337933016531e+000
10 62 -6.9472177723826078e-003
10 63 4.8971424848905327e+000
10 64 -2.0943063887971034e+000
10 65 -1.2345676416415725e+000
10 66 -3.6658971363012877e-001
10 67 8.7259253380300064e-002
10 68 -1.6363009924746579e+000
10 69 -6.4099101364422388e+000
10 70 3.1238911732089161e+000
10 71 -1.7698614112468221e+000
10 72 5.4784957617708798e+000
10 73 2.6558160430435289e+000
10 74 4.1378165362749577e+000
10 75 -3.4362171485277559e+000
10 76 -4.1641085461893708e+000
10 77 -9.5441020027889978e-001
10 78 7.3916877700985761e-002
10 79 -7.5390516692592255e+000
10 80 -2.0770779760096438e+000
10 81 -2.9059612159047825e+000
10 82 7.8628667515047573e-002
10 83 1.0775044888220537e+000
10 84 -3.7256334865348970e+000
10 85 1.4675452606223249e+000
10 86 9.4467982191670763e-001
10 87 5.1004008907769793e-001
10 88 -3.8118355903014445e-001
10 89 6.9704049665029122e-001
10 90 2.0980271508518517e-001
10 91 2.7836032888578162e+000
10 92 2.0693969745227179e+000
10 93 -3.5979251430854511e+000
10 94 -9.5746687166019917e-001
10 95 3.3198336466578454e-001
10 96 -3.1084526484924158e-001
10 97 -2.4960173494903684e+000
10 98 4.0155278508602041e+000
10 99 -3.7644876626219324e+000
10 100 2.2456762895400967e-001
11 1 -2.1678118337279981e+000
11 2 -2.9975642920998578e+000
11 3 2.0130907910744567e+000
11 4 1.4935314518331380e+000
11 5 -1.5423753609813557e+000
11 6 2.1189106315161477e-001
11 7 3.8253943888181405e+000
11 8 1.3599090338376265e+000
11 9 -1.5475495925355298e+000
11 10 -1.5104443789400148e+000
11 11 4.5680477149970685e+001
11 12 6.8301458107746358e+000
11 13 -1.8660033158968350e+000
11 14 2.4336206878416444e+000
11 15 6.0049810661682868e-001
11 16 9.6855855624686238e-004
11 17 -8.3322555030197032e-001
11 18 1.2582440475676084e+000
11 19 2.0136580805092397e+000
11 20 3.6468287748482755e+000
11 21 1.5024699403817996e+000
11 22 2.7397170395277182e-001
11 23 -3.6657722294024198e+000
11 24 -1.3753893084890709e+000
11 25 -1.7280862499718030e+000
11 26 -2.8318752046777327e+000
11 27 -1.8017588701720113e+000
11 28 -2.8142090194176173e+000
11 29 -2.1411265665314936e+000
11 30 -3.3190998172868591e-001
11 31 2.4551028377770967e+000
11 32 9.4676478030949029e-001
11 33 3.4620405330753141e+000
11 34 3.3906722641167182e+000
11 35 -4.1088865625277737e+000
11 36 3.7064215372124503e+000
11 37 -7.8997268891195027e-001
11 38 -3.3274998463660417e+000
11 39 4.1340890015160623e+000
11 40 1.0298112873868170e-001
11 41 -9.9842062035035706e-001
11 42 1.0919206267910961e+000
11 43 -2.1857064554397416e+000
11 44 8.6587056280727337e-001
11 45 -2.5859739381520690e+000
11 46 -3.8033794231568532e+000
11 47 9.2952572747064615e+000
11 48 -6.1141683520059411e+000
11 49 1.9734359011830400e+000
11 50 9.5181804860870534e-001
11 51 6.3056550654988852e+000
11 52 6.4602065160351829e-002
11 53 3.8856362756613900e+000
11 54 -1.0778952452440942e+000
11 55 2.0003462963932583e+000
11 56 -5.6073100820631288e+000
11 57 4.1871510166856343e+000
11 58 -1.4079236450974544e+000
11 59 2.1601975795960877e+000
11 60 3.4553754357062481e+000
11 61 -2.2742340823378324e+000
11 62 -3.2940398664299200e+000
11 63 -9.3003720447729310e-001
11 64 -4.9399641242183101e-002
11 65 -3.1680147921549020e+000
11 66 -2.0063416949359429e+000
11 67 -2.7240274924124854e+000
11 68 3.6214559836702107e+000
11 69 -1.2837303255446160e+000
11 70 -2.1134905543905287e+000
11 71 2.4165654235662566e+000
11 72 7.9665708636024624e-002
11 73 1.3535183203387102e+000
11 74 8.5222448191514943e-001
11 75 2.7012485577556102e+000
11 76 -5.7498523689712684e+000
11 77 6.9372558462350664e-001
11 78 1.1089090253382323e+000
11 79 4.4022896388275568e+000
11 80 8.6441265667205358e-001
11 81 -7.2380436229034109e+000
11 82 4.9001138118964824e-002
11 83 -2.9065919303011234e-001
11 84 4.1800994660338784e+000
11 85 2.3906733487731702e-001
11 86 -1.7809450404435467e+000
11 87 2.3272920541362465e+000
11 88 1.6679800143981560e+000
11 89 -2.8213679836299166e-001
11 90 -3.6564388760879085e+000
11 91 3.9837447604103513e+000
11 92 -3.5550240422909871e+000
11 93 -4.1319508767520681e+000
11 94 -3.8238557903180688e+000
11 95 4.3394315383097748e+000
11 96 -1.1217960717669315e+000
11 97 -6.0766203167008861e+000
11 98 4.2505657907458652e+000
11 99 -1.2195957206543293e+000
11 100 2.3402669023664129e+000
12 1 -2.3209433379431150e+000
12 2 -6.9866831005135168e+000
12 3 -2.7861473703416926e+000
12 4 -3.5132599979927890e+000
12 5 -2.4814215065958170e+000
12 6 3.9417407131032162e-001
12 7 4.4929617810019623e-001
12 8 -2.7239811767850832e+000
12 9 -1.4507290269134199e+000
12 10 -2.5841236120403162e+000
12 11 6.8301458107746358e+000
12 12 5.6028675733095980e+001
12 13 -1.2181497763472380e+000
12 14 -3.8988131349543278e+000
12 15 2.3313422525130285e+000
12 16 -3.5993036378086085e+000
12 17 4.1131262905754227e+000
12 18 3.8525442785747543e+000
12 19 1.0769669009277572e+000
12 20 -4.5239702175252035e+000
12 21 -3.8216016066789877e+000
12 22 -2.3897233427499533e+000
12 23 2.5479257467118583e+000
12 24 1.2998885443007859e+000
12 25 3.0584264707464111e+000
12 26 4.4389500879517545e+000
12 27 3.4818658446750748e+000
12 28 -3.3538799272827862e+000
12 29 6.0351229113741889e-001
12 30 9.3421010063479237e-001
12 31 -2.5709682326132377e+000
12 32 -2.8116749995372139e+000
12 33 -3.5702658221976052e-001
12 34 -4.1865190696129462e+000
12 35 2.7457633497385494e+000
12 36 2.1997203219359082e-001
12 37 2.1945389180707005e+000
12 38 2.4523829077618822e+000
12 39 -3.2891433821081968e+000
12 40 -2.0434358139062878e-001
12 41 2.0107429521979570e+000
12 42 2.5658205477615841e+000
12 43 -1.8584821763866377e+000
12 44 3.0418647902625437e+000
12 45 9.8946386255779906e-001
12 46 -5.6834100426703262e+000
12 47 9.5670181453070213e-001
12 48 -2.8858564703198515e+000
12 49 -1.2159484751093812e+000
12 50 5.5705149931982332e+000
12 51 1.4313534550888041e+000
12 52 -1.6831409904151782e+000
12 53 -3.6901299305436228e+000
12 54 -3.4456087146282561e+000
12 55 -5.5843171900199151e-001
12 56 4.8962600008096135e-001
12 57 -2.3125846436999247e+000
12 58 -4.0669915482249153e-001
12 59 2.3141768271893342e+000
12 60 6.9717081217503607e-001
12 61 -4.0744759155095860e+000
12 62 -1.2729013309804165e+000
12 63 1.2989341029549648e+000
12 64 -1.7760380304838230e+000
12 65 2.2740610378016064e+000
12 66 -1.5789549540280473e-001
12 67 -2.4637169597339530e+000
12 68 2.2472697609252079e+000
12 69 -2.7203232972831235e+000
12 70 -3.2228377056474620e+000
12 71 1.2306368475497652e-001
12 72 4.4355808459035320e+000
12 73 -3.4701707205901205e-001
12 74 -1.5728135805352501e+000
12 75 -1.3011374201701877e+000
12 76 4.3195676884753587e+000
12 77 -6.3384203435159137e-001
12 78 2.5177218007320188e+000
12 79 -2.8680899349385420e+000
12 80 3.4688797238055096e+000
12 81 -1.4592062780221271e+000
12 82 -6.1060761404677200e+000
12 83 -2.2275689716134734e+000
12 84 9.4093675008179267e-001
12 85 9.8085992803690980e-001
12 86 -2.9688892266500351e+000
12 87 -6.8674308877171963e-001
12 88 1.5283692361650818e+000
12 89 -2.9868938630954167e+000
12 90 2.4806974872857466e+000
12 91 2.8287732532121175e+000
12 92 2.0522799954378459e+000
12 93 1.0209776777242729e+000
12 94 7.7284521306963483e-001
12 95 -1.0484022511285134e+000
12 96 3.7829829648030056e+000
12 97 -5.9964955545009220e+000
12 98 3.1217539039490214e+000
12 99 2.5813659277138512e-001
12 100 -2.4826991339907063e+000
13 1 1.4963894672806859e+000
13 2 6.5538977666341813e-002
13 3 -1.4781683385476241e+000
13 4 -2.1049801539292163e+000
13 5 -2.0819190384815411e-001
13 6 4.2418177849061517e-001
13 7 1.9577346055741507e-001
13 8 -3.4378638324516380e+000
13 9 7.3552203014010942e-002
13 10 3.7245118610950758e+000
13 11 -1.8660033158968350e+000
13 12 -1.2181497763472380e+000
13 13 4.8457495921224250e+001
13 14 2.3680570189153185e+000
13 15 -3.1895237613706229e-001
13 16 -4.0585694588544008e-001
13 17 1.2947465849281574e+000
13 18 -1.4696684712069779e+000
13 19 1.8422456473456470e+000
13 20 7.7361777359875905e-001
13 21 4.3245734532535156e+000
13 22 3.4816656318902450e+000
13 23 6.0952794352921713e-001
13 24 2.9540115910939200e+000
13 25 -2.2702344591965264e+000
13 26 -5.2011198816089905e+000
13 27 -1.1586494696717511e+000
13 28 2.6254985572324281e+000
13 29 1.7812527557173183e+000
13 30 -2.5430760285671559e+000
13 31 -3.7323777333314072e+000
13 32 2.3664447685236167e+000
13 33 -3.5238228861273133e+000
13 34 -7.3432749513046431e+000
13 35 -2.4890771440903441e+000
13 36 -1.6258574085449813e+000
13 37 -2.6496473237407590e+000
13 38 2.2002956267284204e+000
13 39 -4.5052890690669569e+000
13 40 -2.5821182292016198e+000
13 41 -3.7814195312446124e+000
13 42 3.7904769320340259e-001
13 43 -6.9349955946373552e+000
13 44 -1.4743288293666272e+000
13 45 2.9633051948820910e+000
13 46 -2.3008290429094647e-001
13 47 -1.6003316670549910e+000
13 48 -1.4825950978656177e+000
13 49 4.2662865278286111e-002
13 50 2.7080205752078554e+000
13 51 -4.0458786257603991e+000
13 52 -3.7361086105035399e+000
13 53 -2.5803892310381182e+000
13 54 -1.8109783815859628e+000
13 55 -5.3396125521904345e+000
13 56 3.1446185431075495e+000
13 57 -9.3157216852028646e-001
13 58 -3.1090845901220221e+000
13 59 3.8027632321293905e+000
13 60 4.5200029066676608e+000
13 61 2.0597160458815571e+000
13 62 -4.3346691712961647e+000
13 63 -2.0625382836566470e+000
13 64 -1.6416998222885804e-001
13 65 -7.7676207265802366e-001
13 66 -1.0130990269241547e+000
13 67 2.1635942866104432e+000
13 68 -1.7112468963885519e-002
13 69 1.7328412249530496e+000
13 70 -4.7435874855737756e+000
13 71 -3.5407985412188692e-001
13 72 9.6154280767866207e-001
13 73 -8.5625491195904502e-001
13 74 2.8833851742456273e+000
13 75 -2.9201985883361864e-001
13 76 3.0674758444628183e+000
13 77 -2.0294638478264213e+000
13 78 3.9052118208118332e+000
13 79 2.4943037482823618e+000
13 80 -4.4251683056834623e-001
13 81 1.2480682440462587e+000
13 82 -9.2051692466833723e-001
13 83 3.6746165961765134e+000
13 84 -1.2118250504056356e+000
13 85 1.2050716432343285e+000
13 86 -1.9325446871575387e+000
13 87 -3.3774817661230037e+000
13 88 1.9576032554857128e+000
13 89 1.8987200492392240e+000
13 90 -4.4483724102352227e+000
13 91 -2.3653098814223839e-001
13 92 -3.9771943837968786e+000
13 93 8.1948548064157336e+000
13 94 -1.3949156337212656e+000
13 95 -2.5510648293106679e+000
13 96 -4.9420204278901450e+000
13 97 5.3284111565079098e+000
13 98 -7.1853108413432776e-001
13 99 -1.7862329216360706e-001
13 100 3.7277956713873150e+000
14 1 1.2508456141429920e+000
14 2 1.6941596285594747e+000
14 3 2.0185553445672850e+000
14 4 3.4974688153499633e-002
14 5 -1.7694397239575610e+000
14 6 -3.3379523133746380e-001
14 7 -1.5190323250233401e-001
14 8 -4.9519576898136846e+000
14 9 2.7681829212059652e+000
14 10 3.5218594120992495e+000
14 11 2.4336206878416444e+000
14 12 -3.8988131349543278e+000
14 13 2.3680570189153185e+000
14 14 5.2687331034510308e+001
14 15 -1.4524794632734357e+000
14 16 -3.2718112917235049e+000
14 17 4.4327319335026667e+000
14 18 -3.0517675794138110e-002
14 19 -7.9994346363857227e-001
14 20 2.1965379092643378e+000
14 21 -7.2505784346229274e-001
14 22 2.2537797254307925e+000
14 23 -6.1484645201737864e-001
14 24 8.0804224748072251e-003
14 25 9.5377932332730775e-001
14 26 4.8605598727094739e+000
14 27 2.6481849612482273e+000
14 28 -4.4697936615108951e+000
14 29 -3.4479656119116591e+000
14 30 -2.3905271909416510e+000
14 31 -1.4386103438601099e+000
14 32 -2.5855142437251151e+000
14 33 -3.5002269524534696e-001
14 34 4.3260167300722223e+000
14 35 2.9020445084044275e+000
14 36 -4.9903409921285284e+000
14 37 1.4587850626045062e-002
14 38 2.9989794873846396e+000
14 39 6.5375927671973066e-001
14 40 -4.4113329201828444e+000
14 41 -1.6361584132254496e+000
14 42 4.0371034753445141e+000
14 43 -1.5232733063037629e+000
14 44 1.9321865769178497e+000
