100
1 1 4.8992896884052705e+001
1 2 -1.1389537444216182e+000
1 3 1.3211006171864488e+000
1 4 1.7943553336296769e-001
1 5 -1.3974715196838756e+000
1 6 9.5946311301268439e-001
1 7 -3.7658924347533329e+000
1 8 -2.8542662914347496e+000
1 9 -3.7947735389923987e-001
1 10 6.7913286447893584e-001
1 11 -1.9716082873339593e+000
1 12 1.9993512853286226e+000
1 13 -3.0637783396418463e+000
1 14 5.8440561948048995e+000
1 15 6.5995392493273792e+000
1 16 -4.8191062145364755e-001
1 17 1.2099215354581578e+000
1 18 8.2153951496061719e+000
1 19 2.1769043329159885e+000
1 20 -1.1819118355661373e+000
1 21 3.2505224182470505e+000
1 22 1.8994309238266596e+000
1 23 2.9081621769947561e+000
1 24 4.0999477870483920e+000
1 25 5.2230528787317920e-001
1 26 1.8911609937989451e+000
1 27 1.3099535767407304e+000
1 28 1.1907712844085352e-001
1 29 1.0916365260190695e+000
1 30 4.4572330463041032e+000
1 31 1.3978970146615657e+000
1 32 -1.0383585013836707e+000
1 33 3.8999591383054549e-001
1 34 3.5213062858685111e+000
1 35 -2.1351151735504967e-001
1 36 3.2394723045609006e+000
1 37 -3.7838549971844254e-001
1 38 -1.9362301196961873e+000
1 39 -9.7208025948573862e-001
1 40 -7.8556638467348061e-001
1 41 -1.1316146832429044e+000
1 42 -3.3209108255351154e+000
1 43 -2.3738004530879082e+000
1 44 3.6929177729687996e+000
1 45 5.2356114294047114e+000
1 46 -3.0595061678112723e+000
1 47 -5.5148535069021900e+000
1 48 -4.7029567786828042e-002
1 49 3.8820015081208736e+000
1 50 2.2103849779092686e+000
1 51 -4.3342076971459385e+000
1 52 -2.3089091246177590e-001
1 53 -5.5099254545053160e+000
1 54 8.7450120178465662e-001
1 55 -1.4510803480805372e+000
1 56 -6.0913085568869274e-001
1 57 -1.6117084812556484e+000
1 58 1.1472131334859779e+000
1 59 2.8484872520649027e+000
1 60 3.4921379998836497e+000
1 61 -2.3849344697274981e+000
1 62 3.1118656201147432e-001
1 63 3.7157353653587704e+000
1 64 -1.5506645426913144e+000
1 65 -1.3798646782853636e+000
1 66 -4.8025923434946343e+000
1 67 -1.0831996480271622e+000
1 68 5.8977569698998789e+000
1 69 2.0699012606102429e+000
1 70 -4.9730395982878708e+000
1 71 7.5935842597684156e-001
1 72 3.3037096045979486e+000
1 73 -2.0982266657917421e+000
1 74 -7.6041578747777141e+000
1 75 3.0286963070248230e+000
1 76 3.5261470942884396e+000
1 77 1.5931382879845439e+000
1 78 -2.2997474350384639e+000
1 79 -1.9775007288476039e+000
1 80 -1.4727822091875582e+000
1 81 1.6729477621518372e+000
1 82 -1.7555334704467545e+000
1 83 -1.7419359172343352e+000
1 84 -1.8291409106015921e+000
1 85 -8.7001565823866067e-001
1 86 -1.0274189961265132e+000
1 87 -2.3807150054950217e+000
1 88 -4.2061184376582768e+000
1 89 3.2151660198687191e+000
1 90 4.3515730237267318e+000
1 91 -3.4404767250407167e+000
1 92 -2.6280510733310081e+000
1 93 3.3756098669637935e+000
1 94 3.9896515062018523e-001
1 95 -2.4477705846904607e+000
1 96 3.1155204787533815e+000
1 97 -2.8158234907371629e+000
1 98 -2.3808663197724542e-001
1 99 5.8795731315252142e-001
1 100 -5.9568161461048030e-001
2 1 -1.1389537444216182e+000
2 2 5.0734317683019114e+001
2 3 -5.1077831545521084e+000
2 4 -3.3826437024317246e+000
2 5 -1.6788542268671947e+000
2 6 -2.1430841759779757e+000
2 7 2.8338411964784034e+000
2 8 -6.4119530884540712e+000
2 9 -3.9224253245716789e+000
2 10 5.5943148639099567e+000
2 11 -4.4129515614927245e-001
2 12 4.3452708738559984e+000
2 13 -6.3455229830866813e+000
2 14 -2.5668310767186830e-001
2 15 2.8635192462810775e+000
2 16 4.6088607077780601e+000
2 17 5.9391948333471429e+000
2 18 -4.8735741616063261e-001
2 19 -1.8692947187523592e+000
2 20 1.5577931185466491e+000
2 21 7.8506581948032724e-003
2 22 -2.1771376635690132e+000
2 23 -7.1495026217403423e-001
2 24 -8.1418579353936604e-001
2 25 1.4942251334536598e+000
2 26 -1.3440047984288220e-001
2 27 -2.1066814408997185e+000
2 28 -2.0813191712673556e+000
2 29 -1.3466265577376482e+000
2 30 3.6648523345687556e+000
2 31 -2.9749152828503953e+000
2 32 2.6167540358810482e+000
2 33 1.3179979257583356e+000
2 34 3.6767838465304377e+000
2 35 1.2056525029348833e-001
2 36 -3.8141590770538665e+000
2 37 1.0445244450468608e-002
2 38 3.8314044275273647e+000
2 39 9.3049831349775583e-002
2 40 -3.8802634017883114e-001
2 41 9.7891859535965942e-001
2 42 -4.4944473584586921e+000
2 43 -3.8511207533627543e+000
2 44 -1.1722672905485618e+000
2 45 -1.2395908273264828e+000
2 46 -4.3849553076735950e-002
2 47 1.4803929465322598e+000
2 48 -1.5396081589661441e+000
2 49 -3.1287801971018299e+000
2 50 1.7284158189819457e-001
2 51 8.2882691185131008e-001
2 52 -4.1556458180552092e-001
2 53 -1.0213494891679569e+000
2 54 -3.3887386696387306e-001
2 55 -1.4988837721572557e+000
2 56 3.5181178149565517e-001
2 57 -6.7589640528883910e-001
2 58 1.2910898012035381e+000
2 59 -6.3608414393886683e+000
2 60 -2.0259557786952969e+000
2 61 -4.2370444521203021e+000
2 62 2.7614685447898313e+000
2 63 -4.9371073585622840e+000
2 64 -3.1064518004350803e+000
2 65 -2.3549907736760551e+000
2 66 4.0500687931708343e+000
2 67 -2.5804214974599926e+000
2 68 -1.1754863909272051e+000
2 69 3.0808023605148405e+000
2 70 8.6170254989758577e-001
2 71 -1.3291009141691215e+000
2 72 1.9887128152115197e+000
2 73 1.0025199378512035e+000
2 74 1.3585640271317003e+000
2 75 2.2425140550080100e+000
2 76 -1.3471182344115840e+000
2 77 3.6248225753537433e+000
2 78 5.7762448642010460e-002
2 79 -4.7628122289568982e+000
2 80 -2.1424529371868553e+000
2 81 -4.3247183839506995e+000
2 82 5.4389270498750601e+000
2 83 4.8371541127536755e-001
2 84 -1.0487626386357142e+001
2 85 -2.6524534462402021e+000
2 86 8.3950863077698834e-001
2 87 -3.9619847736694874e-001
2 88 2.0956538592133365e+000
2 89 1.6529262140467074e+000
2 90 5.1593443185883114e-001
2 91 1.8437078684033892e+000
2 92 9.0485676984619678e-002
2 93 -1.8649403065921069e+000
2 94 -1.7715768750512193e+000
2 95 -2.4191922295466595e-001
2 96 6.8845238444896539e-001
2 97 -1.9163218544210809e+000
2 98 -5.7821426873195014e-001
2 99 2.8816228461832916e+000
2 100 1.2046352562784866e+000
3 1 1.3211006171864488e+000
3 2 -5.1077831545521084e+000
3 3 5.2131407150700866e+001
3 4 -1.8076196596153171e+000
3 5 -6.4773061650316688e-001
3 6 -2.0801913591409438e+000
3 7 -4.0722986239693943e+000
3 8 4.6068675462157049e-001
3 9 1.2636635326159915e+000
3 10 -5.9934645306678256e+000
3 11 -5.3481427611554655e-001
3 12 -1.7586710615592877e-001
3 13 -2.9704776010709261e-001
3 14 -2.3403247798595066e+000
3 15 1.5458214296427728e+000
3 16 3.1936111636580367e+000
3 17 -2.7113253381688334e+000
3 18 -9.5105469189582892e-001
3 19 -7.0809960170042459e+000
3 20 4.6729384971210335e+000
3 21 -6.1086926308316158e+000
3 22 -2.3856314835474750e+000
3 23 -1.5815880328285410e+000
3 24 5.7332157840147167e+000
3 25 -4.3788679831423432e+000
3 26 2.4932302356895213e+000
3 27 4.8180781402906209e-001
3 28 1.1849436289429318e+000
3 29 7.0310843371665301e+000
3 30 5.8965694627038046e-001
3 31 -8.9366080462356157e-001
3 32 -3.6663656159884099e+000
3 33 3.1527526535063249e-001
3 34 2.2691409861869305e+000
3 35 5.6222776956871252e+000
3 36 2.5210134452371071e+000
3 37 -2.6001508472088739e+000
3 38 -2.5394654371390737e+000
3 39 -2.8779289898318630e+000
3 40 -1.9860507093832902e+000
3 41 2.3538383234497422e+000
3 42 -4.9883581559102735e-001
3 43 -1.9064833583178544e+000
3 44 1.3417149826242749e+000
3 45 3.8341006316829835e+000
3 46 1.9720074869374671e-001
3 47 -3.3579709262827202e+000
3 48 -3.7679663165098218e+000
3 49 -2.3824833340468585e-001
3 50 -4.7318127479653399e-001
3 51 2.5970642664355132e+000
3 52 6.0233437782245760e+000
3 53 2.9510847358843733e+000
3 54 -5.6308602489994519e-001
3 55 7.0926149626034611e+000
3 56 2.7467755338108524e+000
3 57 -2.8452520784005477e+000
3 58 1.0059768435511278e+000
3 59 -1.1205412225709321e+000
3 60 -6.0871504898988049e-001
3 61 4.5711922089591370e+000
3 62 2.0764907125573959e+000
3 63 -2.7159362223379637e+000
3 64 3.7327571364486083e+000
3 65 4.9228911856741586e+000
3 66 1.2960326023270874e+000
3 67 -1.6495383267392181e+000
3 68 -3.2350685992311838e+000
3 69 2.1884389462121319e+000
3 70 -4.7898726283247850e+000
3 71 3.4103558882345459e+000
3 72 -2.7388270047917271e+000
3 73 -1.7507957304328527e+000
3 74 2.6449565589647089e-001
3 75 9.6777527644240768e-001
3 76 -2.2049047731689839e-001
3 77 -6.8922088713328178e-001
3 78 1.5055755699815121e+000
3 79 3.0154583101558257e+000
3 80 1.6853418919985994e+000
3 81 -2.7949160663894372e+000
3 82 1.5949832280499836e+000
3 83 4.1704015719441418e+000
3 84 2.1190673001777185e+000
3 85 -1.6043415779379120e+000
3 86 4.1281452207906871e-001
3 87 2.5307755021273497e+000
3 88 -2.0047689974405181e+000
3 89 -2.8809367812857700e+000
3 90 -3.5201581440999452e+000
3 91 1.9859150543006313e-001
3 92 1.9133358368980002e+000
3 93 2.1142091188585352e-001
3 94 1.8788458758418936e+000
3 95 3.5473365006232416e+000
3 96 -5.5372520118637008e+000
3 97 3.4569260140597127e+000
3 98 -2.1861830146126597e+000
3 99 2.8076942493965151e+000
3 100 1.4633144207014517e+000
4 1 1.7943553336296769e-001
4 2 -3.3826437024317246e+000
4 3 -1.8076196596153171e+000
4 4 4.5909563148005660e+001
4 5 4.1848228116049807e-001
4 6 1.2322067636241434e+000
4 7 -2.8502096732044877e+000
4 8 -1.6024772392055051e+000
4 9 -2.4648198257633562e+000
4 10 -2.7479344889812447e+000
4 11 2.8051781633781778e+000
4 12 1.9375088187299625e+000
4 13 1.4629950804345300e+000
4 14 1.4081712110149804e+000
4 15 -1.6817308092148997e+000
4 16 -3.1465098427226673e-001
4 17 -7.9873759084827711e-001
4 18 -5.5549528660826464e-001
4 19 1.2445020570481731e+000
4 20 -5.8455281033626727e-001
4 21 -3.4492520542279728e+000
4 22 -1.7558854551137804e+000
4 23 6.1892833462413925e+000
4 24 1.7968829746934425e+000
4 25 1.5215161776392032e+000
4 26 1.6099214703651679e+000
4 27 1.8312765748390059e+000
4 28 -2.7742364496131389e+000
4 29 -1.1199919417214239e+000
4 30 -1.4092712371142793e+000
4 31 5.6167148171408998e+000
4 32 4.6411160151133801e+000
4 33 -4.4042165750612661e+000
4 34 -1.4233560148395719e+000
4 35 5.9417500092410460e+000
4 36 3.0242808321809944e-001
4 37 -1.9663594851353785e+000
4 38 -3.7156938590810120e+000
4 39 1.3153089313694148e+000
4 40 -2.8257891836405595e+000
4 41 1.9241695049253231e+000
4 42 -1.4938151217717266e+000
4 43 2.8183787129567185e-002
4 44 6.6176187849747805e+000
4 45 3.8267095824912305e+000
4 46 8.3837145220040377e-001
4 47 1.3899299366518247e+000
4 48 8.0387874863873421e-001
4 49 2.7330195050179533e+000
4 50 -2.5426309139837228e-001
4 51 -1.9822470397464038e+000
4 52 2.1808082531611109e-001
4 53 2.2836716436605968e+000
4 54 3.8704299629844954e+000
4 55 -3.7752682869646730e+000
4 56 1.2336052826808699e+000
4 57 6.9523880027116247e+000
4 58 1.0728859530274322e+000
4 59 -1.1582745627434972e+000
4 60 -1.9716574418907826e+000
4 61 1.8294029758390037e-001
4 62 -2.8680648091650425e+000
4 63 -7.8481848181493490e+000
4 64 -1.0759857659217047e+000
4 65 -1.2010142443720726e+000
4 66 -1.5160884712995097e+000
4 67 -4.5773193128387444e+000
4 68 2.3022822305722274e-001
4 69 -1.0056294495510683e+000
4 70 -3.6570007163019160e+000
4 71 -2.3131583305937495e-001
4 72 4.0502264613353756e+000
4 73 3.7063335592510009e+000
4 74 5.1428831484904540e+000
4 75 -6.8561722418248039e-001
4 76 8.6667754596894386e-001
4 77 3.2873137620908923e+000
4 78 8.8243862626909042e-001
4 79 8.9681585540288857e+000
4 80 -4.9217863250158116e+000
4 81 1.0575200395531221e+000
4 82 -7.6419311925193556e-001
4 83 -1.0003832701625235e+000
4 84 -3.6806286107635482e+000
4 85 7.5859302579220944e-001
4 86 1.8655330294636006e+000
4 87 -4.8944003069833837e+000
4 88 -4.5169140842198292e+000
4 89 2.3534727279487138e+000
4 90 -2.5476687954620827e+000
4 91 -1.2785503560555120e+000
4 92 7.6138166437797561e-001
4 93 1.1833619063190353e+000
4 94 -1.5353211045686834e+000
4 95 -8.1300881491149468e-001
4 96 2.5305123002374041e+000
4 97 -2.8216101549390262e+000
4 98 3.4768707202550511e+000
4 99 2.1349038264988085e+000
4 100 -3.5626983515042108e+000
5 1 -1.3974715196838756e+000
5 2 -1.6788542268671947e+000
5 3 -6.4773061650316688e-001
5 4 4.1848228116049807e-001
5 5 5.1118369698360084e+001
5 6 2.6365347953993119e+000
5 7 -4.8974246881968169e+000
5 8 -4.2343311838857307e+000
5 9 -1.1168005107984833e+000
5 10 -4.2111501658141606e+000
5 11 2.4718231605686622e-001
5 12 -2.8335638904240037e+000
5 13 8.0694055693777966e-002
5 14 -3.5539526330033633e+000
5 15 -6.3739967203079075e+000
5 16 3.0954515538939686e+000
5 17 -3.7279647264145930e+000
5 18 -1.4110717675441715e+000
5 19 -3.1842110715297554e+000
5 20 9.7885627207689363e-001
5 21 1.0843449809330383e+000
5 22 1.2338457820667228e+000
5 23 -1.1226896690984185e+000
5 24 -2.0764286967380783e+000
5 25 -2.2884804951454498e+000
5 26 -5.2278444609672015e-001
5 27 1.5877017955414525e+000
5 28 2.3953703286739966e-001
5 29 -2.2943445167576257e+000
5 30 2.0751970832017586e+000
5 31 -2.5438594505073269e+000
5 32 9.8484169892487483e-002
5 33 -2.2301592280236919e+000
5 34 -2.0688442891249408e+000
5 35 -5.2545546281832491e+000
5 36 -2.2908856613953361e+000
5 37 -5.6405011324475884e+000
5 38 -4.1472131620352426e-001
5 39 3.2343760778274411e+000
5 40 2.9961381506196139e+000
5 41 2.2321546209876347e-001
5 42 1.4059521538906401e+000
5 43 2.5236774847294257e+000
5 44 -4.3181398703291202e-001
5 45 3.3014501658155000e+000
5 46 1.8472714396674792e+000
5 47 7.7912071702447405e-001
5 48 3.8499410735469280e-001
5 49 -4.1062970179529144e+000
5 50 2.5019735095465498e+000
5 51 -2.5667408690894700e+000
5 52 -6.0468790131913674e-001
5 53 -9.8278730753174809e-002
5 54 9.3326790034377971e-001
5 55 1.7904270189678082e+000
5 56 1.4959491279254045e+000
5 57 -1.7858776773174492e-001
5 58 -5.5603414549031827e-001
5 59 4.3103695381495871e-001
5 60 1.7903228467186911e+000
5 61 -6.5741661908804616e+000
5 62 1.1214879597909717e+000
5 63 5.2483295302063082e-001
5 64 3.8320987490527743e+000
5 65 -1.4877789431146893e+000
5 66 2.5920484852032475e+000
5 67 -1.3779853281230638e+000
5 68 5.8645414157520059e-001
5 69 -5.7075025218555653e-001
5 70 -5.2274605188990941e+000
5 71 -1.5091335387203439e+000
5 72 1.9307301447085139e-002
5 73 -2.9822632161908302e+000
5 74 2.1631389774327885e+000
5 75 -5.2556655809167987e+000
5 76 -4.2542598481477105e+000
5 77 6.7358054752041339e+000
5 78 -3.9397942183125589e-001
5 79 -4.4208465872421394e+000
5 80 -1.8530676096112788e+000
5 81 -1.0498702641045006e+000
5 82 1.1286592657465992e+000
5 83 -8.7497393301243198e-001
5 84 -3.4201129791082958e+000
5 85 -1.3628759599449136e+000
5 86 2.5553077404464433e+000
5 87 1.0565309442724085e+000
5 88 1.6137969119023621e+000
5 89 -2.4618242002612476e+000
5 90 1.0358676094911856e+000
5 91 2.7601611177606395e+000
5 92 -3.9615571339378435e+000
5 93 -1.2391801556780933e+000
5 94 2.7036494895405305e-001
5 95 1.4557944133863070e+000
5 96 -3.8900275640933502e+000
5 97 9.9085677800142338e-002
5 98 4.4100053837160997e+000
5 99 1.9828226515105878e+000
5 100 -1.8355178343360742e-001
6 1 9.5946311301268439e-001
6 2 -2.1430841759779757e+000
6 3 -2.0801913591409438e+000
6 4 1.2322067636241434e+000
6 5 2.6365347953993119e+000
6 6 4.8647704099087314e+001
6 7 5.4600125125800769e+000
6 8 7.6418950362081273e-001
6 9 7.6674328636291755e-001
6 10 4.1908667122802046e-001
6 11 1.5725381102660507e+000
6 12 -3.8734426481839758e-002
6 13 3.8843164824628937e+000
6 14 -2.9079716919587861e+000
6 15 6.6929233954289167e+000
6 16 -1.3856806361711174e+000
6 17 -2.3334618750651304e+000
6 18 -1.6446216369146094e+000
6 19 -3.4532778372491801e+000
6 20 6.2298378729777382e-001
6 21 3.0799127201985130e+000
6 22 -4.1307144876299580e+000
6 23 -3.7369084782845388e+000
6 24 -1.4350314393389023e+000
6 25 -6.3055840970039281e+000
6 26 -4.5585902890140340e-001
6 27 1.5318027771363529e+000
6 28 -8.8415707287859246e-001
6 29 2.4646463719426523e+000
6 30 -1.6140770878905857e+000
6 31 7.1004115048394727e+000
6 32 -2.1965243417406906e+000
6 33 3.0364506586794954e-001
6 34 -2.4102444087546870e-001
6 35 -1.1082558706521400e-001
6 36 -1.2038468080906566e+000
6 37 2.4304041494839956e+000
6 38 -5.1186005239955827e+000
6 39 -1.8907827356214244e+000
6 40 2.7253345943484302e+000
6 41 -2.0828536483454090e+000
6 42 -3.0133843189908331e+000
6 43 3.4887353380320647e+000
6 44 -1.4098569905178790e+000
6 45 1.6667083739083695e+000
6 46 -3.6369701322555423e+000
6 47 5.3901790924235904e+000
6 48 -1.4098606764135997e+000
6 49 4.7822025815487457e-001
6 50 -3.5061655896152009e+000
6 51 -1.5903838046009027e+000
6 52 1.0581237548758686e+000
6 53 -1.8368596923740053e+000
6 54 1.9055082271640118e+000
6 55 1.7630031028822493e+000
6 56 -1.3136242973356709e+000
6 57 -2.0728603542818345e+000
6 58 -6.7403045026818784e+000
6 59 3.2241864747911473e+000
6 60 9.9295348551149898e-001
6 61 5.0066067082888166e+000
6 62 6.0715513782632702e-001
6 63 -4.6784824721655314e+000
6 64 1.0337185260004684e+000
6 65 4.3387047734588080e+000
6 66 1.3614872562643872e+000
6 67 2.2561693573550001e+000
6 68 -6.6579577813547450e+000
6 69 1.2685946295516526e+000
6 70 1.9875315177027206e+000
6 71 4.1727206251094684e-001
6 72 6.8675061489053499e+000
6 73 -3.1323709290338688e+000
6 74 2.8318476193522977e+000
6 75 -4.0237507929149849e+000
6 76 -3.4264669876069420e+000
6 77 1.7215580625712850e+000
6 78 -3.8542014871433261e-001
6 79 -2.3661198659335700e+000
6 80 -2.1570967015003153e+000
6 81 -2.7193537551020159e+000
6 82 2.5574896023927689e+000
6 83 1.4715634335543086e+000
6 84 -5.0903047430202726e+000
6 85 1.0818460358772501e-001
6 86 -6.6340387314467164e-001
6 87 -4.2581391940125785e-001
6 88 1.5451484195262771e-001
6 89 -5.0116869640621227e+000
6 90 8.9263449993129451e-001
6 91 -3.9471634940748089e-002
6 92 2.1302177009893346e+000
6 93 1.5561177589740567e+000
6 94 4.1930793367530796e+000
6 95 -5.5779376208117543e-002
6 96 -3.3769935567604032e+000
6 97 4.3215602362939326e-001
6 98 6.8067842261088662e-001
6 99 -4.9646416783105156e+000
6 100 -4.4666656265549803e-002
7 1 -3.7658924347533329e+000
7 2 2.8338411964784034e+000
7 3 -4.0722986239693943e+000
7 4 -2.8502096732044877e+000
7 5 -4.8974246881968169e+000
7 6 5.4600125125800769e+000
7 7 4.7058027622672533e+001
7 8 -3.1555905137803615e+000
7 9 4.4235834677966845e-001
7 10 -1.4264725722194008e-001
7 11 7.8281892248488985e-002
7 12 -2.4405780662884764e+000
7 13 3.8548935976149667e-001
7 14 -2.1898095801912221e+000
7 15 -2.3521006885305287e+000
7 16 1.0795526865600757e+000
7 17 1.4410116737333352e+000
7 18 -1.7874323367355867e+000
7 19 -6.5563665754610789e-001
7 20 -3.9043814121438603e+000
7 21 1.3678326330156263e+000
7 22 5.0572344300036365e+000
7 23 4.0300280966051751e+000
7 24 -3.2955030763710835e-001
7 25 -3.1438330520949895e+000
7 26 -1.3619749461275104e+000
7 27 -2.2553813871935371e+000
7 28 -1.5453624056500319e+000
7 29 -2.6988566953488431e+000
7 30 1.3552647769129103e+000
7 31 6.7514060010195545e+000
7 32 -9.6005850664597414e-001
7 33 -1.8443107593063777e+000
7 34 -5.3162071834664060e-001
7 35 -2.1585847629608397e+000
7 36 -4.1271596043668453e+000
7 37 -4.4623300805889601e+000
7 38 4.0103326591868960e-001
7 39 -6.5903771933172917e-001
7 40 4.3484520192595824e+000
7 41 6.0258847396099091e-001
7 42 -1.0912144658464427e+000
7 43 1.4585360974582322e+000
7 44 -7.7049977108420120e-001
7 45 6.2938616184116416e+000
7 46 -1.4581680802773282e+000
7 47 4.6139863548904309e-001
7 48 -4.8148784368457056e+000
7 49 2.1425257443703858e+000
7 50 -1.8760671336361173e-001
7 51 7.8119715799377354e-001
7 52 -1.5113486682792467e+000
7 53 2.3714011995312303e+000
7 54 2.4723911225062216e+000
7 55 1.9717629300848167e+000
7 56 2.1179693321642019e+000
7 57 1.6944727814545471e+000
7 58 -1.0683226341758698e+000
7 59 -2.5462088458429610e+000
7 60 -1.1187405374272428e+000
7 61 2.3833909144638645e+000
7 62 1.6303707298605870e+000
7 63 4.3242158343103156e+000
7 64 9.2140677248724334e-001
7 65 -2.2898290045762804e+000
7 66 2.9531368208345423e+000
7 67 1.3959121032658994e+000
7 68 -1.5893356538163028e-001
7 69 -2.2164937285833659e+000
7 70 4.3132899099625428e+000
7 71 2.8014550584223672e+000
7 72 1.9099960163210414e+000
7 73 2.8570735542239962e+000
7 74 -4.8766802698261627e+000
7 75 3.4325786551332063e+000
7 76 3.2665709637946780e+000
7 77 -5.1638042443702279e+000
7 78 5.2405444046092411e+000
7 79 -7.7367979144941812e-001
7 80 2.2155769024696967e+000
7 81 2.3029413883307464e+000
7 82 -2.2483337408938970e+000
7 83 9.8393423970620297e-001
7 84 -4.2185355154861179e+000
7 85 2.9715798487354990e+000
7 86 2.6581174753517769e+000
7 87 1.2774309111971076e+000
7 88 -5.0509540733571112e-001
7 89 2.3983868075276935e-001
7 90 -1.7862418529762869e+000
7 91 6.9426712674101998e-001
7 92 -5.6323909669935901e+000
7 93 -1.9186705769926102e+000
7 94 -2.5493552125418102e+000
7 95 -5.4070986853243754e+000
7 96 -5.5829758255481299e-001
7 97 2.3781208914652359e+000
7 98 1.0273452014430795e+000
7 99 -3.5809242559967874e-001
7 100 -1.3232393042243322e+000
8 1 -2.8542662914347496e+000
8 2 -6.4119530884540712e+000
8 3 4.6068675462157049e-001
8 4 -1.6024772392055051e+000
8 5 -4.2343311838857307e+000
8 6 7.6418950362081273e-001
8 7 -3.1555905137803615e+000
8 8 4.3902474323283919e+001
8 9 6.9323159588594474e-001
8 10 5.9352026575626005e-001
8 11 -5.7885010958589833e-001
8 12 1.3405207610992329e+000
8 13 -1.8148472972663729e+000
8 14 2.2589003901426663e+000
8 15 -3.9445948795981409e+000
8 16 -2.1388236405052247e-001
8 17 1.6976596696691681e+000
8 18 -2.6850144413248076e+000
8 19 3.3762376684239053e+000
8 20 -2.1562012010576055e+000
8 21 1.6521361477608512e+000
8 22 1.9089312138928713e+000
8 23 1.8833662574623400e+000
8 24 4.2579153328899668e+000
8 25 -2.1791156448686952e+000
8 26 -1.0746196330488649e+000
8 27 7.9701667998746495e-001
8 28 -1.1908179251289666e+000
8 29 -3.2398896076199297e+000
8 30 -3.3165488845412847e+000
8 31 -6.9036669133854121e+000
8 32 3.1462906625493292e+000
8 33 9.6404966786367952e-001
8 34 1.5219121873549291e+000
8 35 3.0335911641705513e+000
8 36 -1.1932030115466914e+000
8 37 -3.1135931914680746e+000
8 38 3.9500218325503531e+000
8 39 2.2495110012727200e-002
8 40 1.4426717394145081e+000
8 41 -1.7132862445792920e+000
8 42 4.4435648531718996e+000
8 43 2.3541762689913535e+000
8 44 -4.2916529474077469e+000
8 45 3.6436334107232025e+000
8 46 -1.2769062950597645e+000
8 47 9.6218519689059745e-001
8 48 1.7011770381410876e+000
8 49 -4.2350894957634502e+000
8 50 -4.4514510334656103e+000
8 51 5.6171518291716351e+000
8 52 -4.7005725353250405e+000
8 53 -2.6429272455199939e+000
8 54 -3.3363611944564444e+000
8 55 3.2016032452971293e+000
8 56 -2.2742089794611915e+000
8 57 3.5006068078659438e+000
8 58 -2.0123246864609290e+000
8 59 -4.2899546806638051e+000
8 60 -3.5152943454530430e+000
8 61 5.3342980813606389e-001
8 62 1.2950758608047528e+000
8 63 -2.2650203264767983e+000
8 64 1.5282298975273509e+000
8 65 5.1566236659335294e+000
8 66 -2.8111968161682971e-001
8 67 1.5412189618259526e+000
8 68 -2.2418677694015563e+000
8 69 -2.7649700012174865e+000
8 70 2.2826573118075006e+000
8 71 2.6495122617089235e+000
8 72 -2.0927212380516269e+000
8 73 -1.1876930099544660e+000
8 74 1.8480725907394389e+000
8 75 -7.7697979303347631e-001
8 76 -6.5328680990879553e+000
8 77 -2.7919865138067759e+000
8 78 -2.1074493491254227e+000
8 79 -4.5160341062309567e-001
8 80 1.9403110270965205e+000
8 81 -5.7166070751903408e-001
8 82 1.0354763730548140e+000
8 83 -1.9042863622758119e+000
8 84 -3.2799864782548727e+000
8 85 8.0687251949045291e-001
8 86 8.2230058403593842e-001
8 87 -6.6584639525819025e+000
8 88 -2.3404903807413957e+000
8 89 -1.1873671556225542e+000
8 90 1.5352057183300456e+000
8 91 2.1117321227595234e+000
8 92 2.5983055649888143e+000
8 93 1.5234024780862809e-001
8 94 -2.6325174076397508e+000
8 95 8.4831929707833265e-001
8 96 -2.2362594478038731e+000
8 97 1.2028641850355184e+000
8 98 4.3451171115336935e+000
8 99 -2.7522890012541767e-001
8 100 2.2097064849730179e+000
9 1 -3.7947735389923987e-001
9 2 -3.9224253245716789e+000
9 3 1.2636635326159915e+000
9 4 -2.4648198257633562e+000
9 5 -1.1168005107984833e+000
9 6 7.6674328636291755e-001
9 7 4.4235834677966845e-001
9 8 6.9323159588594474e-001
9 9 5.4053144853086302e+001
9 10 4.7698960119937155e+000
9 11 4.2626818962132118e+000
9 12 2.1369584072628842e+000
9 13 4.2985257883682930e+000
9 14 -4.2241421614270713e+000
9 15 -3.5890798642462823e-001
9 16 2.6556771205336389e+000
9 17 1.4744224342871941e+000
9 18 7.5046494091729865e-001
9 19 1.7679505111285043e+000
9 20 -2.2548335916236564e+000
9 21 -1.4125340532301842e+000
9 22 2.4716971941882577e+000
9 23 -8.1399319017596283e-001
9 24 -1.1926764487349999e+000
9 25 1.5990124846742890e+000
9 26 1.9837001676675281e+000
9 27 4.4826654199273192e-001
9 28 4.9872868363080238e+000
9 29 3.1517234285681148e+000
9 30 3.3585539919118532e+000
9 31 3.1419080778832609e-001
9 32 1.4749051938510636e+000
9 33 4.8798502213228068e-001
9 34 1.5774733485046473e+000
9 35 1.2182781227393091e+000
9 36 -1.5084363848800229e+000
9 37 -1.9057167978995104e+000
9 38 2.1912384606574480e+000
9 39 3.6052519291703913e+000
9 40 -1.8781248045020265e+000
9 41 1.1445537365857210e+000
9 42 -5.2814591455582898e+000
9 43 -3.1079930192041081e+000
9 44 1.2782746235045397e+000
9 45 1.1719860953030881e+000
9 46 2.2310153062824662e+000
9 47 -2.2572625812436558e+000
9 48 6.3274773112540021e+000
9 49 -4.6504478332613519e-001
9 50 7.5117259784192547e-001
9 51 -3.8735785956980155e+000
9 52 5.8881981188572654e+000
9 53 5.5722498696154128e+000
9 54 2.4088355941217623e+000
9 55 2.2372424190143216e+000
9 56 -1.6475047116258643e+000
9 57 -1.9754747422991761e+000
9 58 -7.6120304199350564e-002
9 59 3.1825782938461367e+000
9 60 -2.8946592186306899e+000
9 61 -2.7739035158238754e+000
9 62 -3.2562023286297004e-001
9 63 -2.5523364263472095e+000
9 64 7.7732831175703487e-001
9 65 7.3725825095501007e-001
9 66 -1.1744889658835482e+000
9 67 1.0610763650313022e+000
9 68 -7.3816437194419651e+000
9 69 2.2775472895460900e+000
9 70 -9.9051375848618317e-001
9 71 -2.8828803546770794e+000
9 72 1.8393953275631475e-001
9 73 5.4345172315695001e+000
9 74 -2.9867480424846811e+000
9 75 1.0532023173157437e+000
9 76 1.6468165863148512e+000
9 77 -7.9677715214602118e+000
9 78 -2.4634083053420749e-001
9 79 1.7911954967291579e+000
9 80 3.9837017997533017e+000
9 81 1.1685391640117029e+000
9 82 1.3296299153242006e+000
9 83 2.5613330731916539e+000
9 84 -1.0548050818564019e+000
9 85 5.6629444228653969e-001
9 86 1.5435596636561593e+000
9 87 -4.8447280444605190e-001
9 88 3.1591465241502723e+000
9 89 -2.4304404398826205e+000
9 90 1.4329901553436799e+000
9 91 2.5755003882548304e+000
9 92 -7.0665793079311545e-001
9 93 1.2374463467098429e+000
9 94 -1.3431116363180440e-001
9 95 6.7619699274168044e-001
9 96 2.3953218096424309e+000
9 97 -3.6707222161466482e+000
9 98 -1.0666582774988589e+000
9 99 3.3415092601057346e+000
9 100 -3.2345800777782063e-001
10 1 6.7913286447893584e-001
10 2 5.5943148639099567e+000
10 3 -5.9934645306678256e+000
10 4 -2.7479344889812447e+000
10 5 -4.2111501658141606e+000
10 6 4.1908667122802046e-001
10 7 -1.4264725722194008e-001
10 8 5.9352026575626005e-001
10 9 4.7698960119937155e+000
10 10 4.5114486361546994e+001
10 11 -9.2350063321112633e-002
10 12 1.7673345862409389e+000
10 13 -6.2491722997340160e+000
10 14 -6.4851885983455766e+000
10 15 -1.7660705925988738e+000
10 16 1.6354063991639745e+000
10 17 2.0924486933974586e+000
10 18 3.4461559456062973e+000
10 19 -2.8551767811652926e+000
10 20 -1.0812498906124854e+000
10 21 6.5630581241523887e+000
10 22 -1.5013018762644454e+000
10 23 -3.3142861870458296e-001
10 24 8.5987723855639497e-001
10 25 -4.4575949270404713e-001
10 26 6.7708691580253060e+000
10 27 5.9665393227114469e+000
10 28 5.4994094516572856e-001
10 29 9.8999618687662516e-001
10 30 -2.0054803855066878e+000
10 31 -6.4426026060404560e+000
10 32 1.6598375247142152e+000
10 33 -6.9679165782346586e-001
10 34 3.0540228953378632e+000
10 35 1.3904966209699050e+000
10 36 -8.0039066333014652e+000
10 37 -1.8059964270355964e+000
10 38 -5.0270430956357419e+000
10 39 -4.4246839078848659e+000
10 40 -4.8392142648325400e+000
10 41 1.2811579439329186e+000
10 42 4.9702635945506151e+000
10 43 -2.3872375135389001e+000
10 44 1.2895217006669686e+000
10 45 -2.8578730927984135e+000
10 46 -2.3737305951441698e-001
10 47 -1.5984125070035422e+000
10 48 -6.7789871602453144e-001
10 49 2.7015372371521220e+000
10 50 1.5813380183098396e+000
10 51 5.8224923463231570e-001
10 52 -1.5935739864156819e+000
10 53 7.1046030443082078e+000
10 54 5.2955360720695346e+000
10 55 -1.0622721597720459e+000
10 56 4.9368432778731721e+000
10 57 4.3214022885456949e+000
10 58 1.3554715035165323e+000
10 59 1.9809589232196489e+000
10 60 4.5850407729177034e+000
10 61 2.6135217304261826e+000
10 62 7.4041949419888856e-002
10 63 1.2874678492795883e+000
10 64 2.5377049024573100e+000
10 65 -2.6343711566552068e+000
10 66 -3.8495090019146327e+000
10 67 -1.3983062528193302e+000
10 68 -5.7480976149232343e-001
10 69 5.6853681216310081e-001
10 70 6.1939160334767707e-001
10 71 3.9418094152534016e+000
10 72 1.9538361531045016e+000
10 73 -8.9962508075188674e-001
10 74 5.4882906345210909e+000
10 75 4.8557050508672206e-001
10 76 3.0426431634526772e+000
10 77 -6.2116195016152282e+000
10 78 -1.5614440231891633e+000
10 79 -2.1890401056826199e+000
10 80 -3.6522404881936232e+000
10 81 1.6827868865786648e+000
10 82 -2.1649460774081657e+000
10 83 2.5273485765580750e+000
10 84 -2.9863432014450777e+000
10 85 2.1865579341497505e+000
10 86 8.0483318503624335e-001
10 87 4.5448186872988128e+000
10 88 2.4145210598648190e+000
10 89 6.3867233385860640e+000
10 90 -1.8594633549372828e+000
10 91 6.0275697581604488e+000
10 92 -1.6179890217730204e+000
10 93 -6.7472726981398112e-001
10 94 3.2854853084354724e-001
10 95 1.2316963103968631e-001
10 96 -1.8875995016128486e+000
10 97 -6.0428302713741355e-001
10 98 2.1320778141908150e+000
10 99 3.5762719232270190e+000
10 100 4.3856204842516894e-001
11 1 -1.9716082873339593e+000
11 2 -4.4129515614927245e-001
11 3 -5.3481427611554655e-001
11 4 2.8051781633781778e+000
11 5 2.4718231605686622e-001
11 6 1.5725381102660507e+000
11 7 7.8281892248488985e-002
11 8 -5.7885010958589833e-001
11 9 4.2626818962132118e+000
11 10 -9.2350063321112633e-002
11 11 5.6903901162409632e+001
11 12 5.3339258731431762e+000
11 13 1.4560884147879602e-002
11 14 -2.3533650545827736e-001
11 15 -6.1575650285547168e-001
11 16 5.0664962145329862e-001
11 17 -1.4885723438250056e+000
11 18 -2.5710829371428185e+000
11 19 2.9726996696999937e+000
11 20 8.4924684209841372e-001
11 21 -1.6453199902737712e+000
11 22 -3.2441656783837436e+000
11 23 -4.8808410651379450e+000
11 24 -4.0577627575002007e+000
11 25 -1.9425197190487564e+000
11 26 -3.2724150083645642e+000
11 27 -2.4283412287036517e+000
11 28 -3.8905303477134696e+000
11 29 6.5569873103058185e-001
11 30 3.7158242803891777e+000
11 31 3.2763319668801816e+000
11 32 6.0833636947179737e-001
11 33 8.0194375177610692e-003
11 34 9.3587223194755320e-001
11 35 2.8979215147147830e+000
11 36 5.0790665263570540e+000
11 37 6.7108324980193501e-001
11 38 4.3988331497241298e+000
11 39 -2.9457895784266848e+000
11 40 3.5496134591253834e+000
11 41 -1.4065362733275066e+000
11 42 4.4695362332618904e+000
11 43 4.0624678807944514e-001
11 44 4.7427976541754813e+000
11 45 8.9701531446311344e-001
11 46 -9.9376129983748740e-001
11 47 1.3733841724538027e+000
11 48 -1.7058866850596899e+000
11 49 6.9884846744420690e+000
11 50 -1.1452187593089063e+000
11 51 -2.4592465292506240e+000
11 52 1.1367625949922073e+000
11 53 -3.3652059035550042e+000
11 54 3.0748193425339334e+000
11 55 4.6928783372185512e-001
11 56 2.2848739912910156e+000
11 57 -2.7115278954381297e+000
11 58 -2.2492284467461192e+000
11 59 3.0979252166089566e+000
11 60 3.2116469735986040e+000
11 61 6.6410269019502870e+000
11 62 -2.3668913758740482e+000
11 63 2.0320785679166304e+000
11 64 2.5134596728870786e+000
11 65 -2.8423591241853003e+000
11 66 -1.4500087203880891e+000
11 67 -1.1335808110391926e-001
11 68 4.8754905382466146e-001
11 69 -2.7632657065595128e+000
11 70 4.0071802154491500e+000
11 71 2.7957003798853322e+000
11 72 -3.0850914130881293e+000
11 73 2.8586601778577148e+000
11 74 -1.5835206953065655e+000
11 75 -2.7058186269783691e+000
11 76 1.9402043793558763e+000
11 77 3.6046501601910443e+000
11 78 2.9826801957718219e-001
11 79 -8.4839043771933675e-001
11 80 4.9325468583576343e-001
11 81 2.5759355358558103e+000
11 82 2.0638728825758688e+000
11 83 -2.9388028706183964e+000
11 84 1.6182411099445779e+000
11 85 -2.8049141977720118e+000
11 86 3.2591944988561039e+000
11 87 1.0024235548976868e+000
11 88 -5.4274777839645261e-001
11 89 -2.4975719234128430e-001
11 90 -2.1561566318491390e+000
11 91 1.5508188352796468e+000
11 92 3.5881678502400489e+000
11 93 -4.6799624130190071e-001
11 94 4.2814029410641297e+000
11 95 -9.6656040230155793e-001
11 96 -3.0263737880108219e+000
11 97 -2.3080170604814411e-002
11 98 4.0170222929431298e-001
11 99 6.6288123315396053e-001
11 100 8.6924874079598802e-001
12 1 1.9993512853286226e+000
12 2 4.3452708738559984e+000
12 3 -1.7586710615592877e-001
12 4 1.9375088187299625e+000
12 5 -2.8335638904240037e+000
12 6 -3.8734426481839758e-002
12 7 -2.4405780662884764e+000
12 8 1.3405207610992329e+000
12 9 2.1369584072628842e+000
12 10 1.7673345862409389e+000
12 11 5.3339258731431762e+000
12 12 5.3231853397299879e+001
12 13 4.3255348046893732e-001
12 14 -3.7304757616689660e-001
12 15 -1.9091337494819216e+000
12 16 -4.7838330103714934e+000
12 17 -5.5068609162378622e-002
12 18 3.3469791476969273e+000
12 19 -2.1563951776637240e+000
12 20 3.7018493690596532e+000
12 21 1.7052699533024607e+000
12 22 2.8101412244663977e+000
12 23 4.3418394222086615e-001
12 24 -1.7647358070307901e+000
12 25 1.6926922085256384e+000
12 26 2.2280651979736286e+000
12 27 -5.1177644642621942e+000
12 28 -1.8493547784583673e+000
12 29 -1.3902650336622504e+000
12 30 -2.7515888828354313e+000
12 31 -2.2764644921034338e+000
12 32 -1.5875487472264257e-001
12 33 3.0839984563447138e+000
12 34 2.4644565224575103e+000
12 35 -1.5616110070637010e+000
12 36 7.9385275117426146e-001
12 37 2.5083308543132388e+000
12 38 -1.7771658457345036e+000
12 39 8.8696713692294288e-002
12 40 -8.7468955792831404e-001
12 41 -3.5792298006632377e+000
12 42 2.2950662744536880e+000
12 43 7.7926400744126811e-001
12 44 2.3523562698730847e+000
12 45 1.7429904787704606e+000
12 46 -3.0210752279326480e+000
12 47 3.1779138869803454e+000
12 48 -8.6908135100574824e-001
12 49 5.7210083237192753e-002
12 50 -4.4824621260850552e+000
12 51 -4.2943267777037848e+000
12 52 9.9853831169097362e-001
12 53 -1.4813250043093906e+000
12 54 8.1275420422266886e-001
12 55 9.2359700829080249e-001
12 56 1.9562842579572752e+000
12 57 5.2469801459045051e-001
12 58 1.6122638856633649e+000
12 59 -7.9267918648332358e-001
12 60 -5.4734567618283005e+000
12 61 -4.4017574858875310e+000
12 62 2.0652456868503695e+000
12 63 -6.5527335286890320e+000
12 64 2.0580733669529958e+000
12 65 -1.1796550524047922e+000
12 66 2.8031415223358353e-002
12 67 -7.1374802024265938e-001
12 68 -1.0838557833517325e-001
12 69 2.4989374297863902e+000
12 70 4.6103836536540941e+000
12 71 -4.5275245158415451e+000
12 72 1.2827191980491401e+000
12 73 -4.9495805542147657e+000
12 74 3.6020084159235971e-001
12 75 -1.0312474626458437e+000
12 76 3.5689949148827299e-001
12 77 -2.6411219594776472e+000
12 78 1.2148958205006839e+000
12 79 -2.2030907826268877e+000
12 80 -4.0105390485123396e+000
12 81 -2.0399157480601584e+000
12 82 2.8062665692530903e-001
12 83 2.7584900906116089e-001
12 84 6.0718701052822190e+000
12 85 -6.5871906391014061e+000
12 86 -1.9997760964729328e+000
12 87 9.5648031383671961e-001
12 88 3.5857221739154324e+000
12 89 9.1951635104468565e-001
12 90 -3.2168816598676191e+000
12 91 5.8142657613325861e+000
12 92 -4.4158974060442824e-001
12 93 -1.1951011113713110e+000
12 94 2.9831125659669904e+000
12 95 6.5803109308222285e-001
12 96 -3.0561885362440218e+000
12 97 -2.5995620442519605e+000
12 98 6.8726197909319420e-001
12 99 2.7699714410850760e+000
12 100 -1.0523710356614958e-001
13 1 -3.0637783396418463e+000
13 2 -6.3455229830866813e+000
13 3 -2.9704776010709261e-001
13 4 1.4629950804345300e+000
13 5 8.0694055693777966e-002
13 6 3.8843164824628937e+000
13 7 3.8548935976149667e-001
13 8 -1.8148472972663729e+000
13 9 4.2985257883682930e+000
13 10 -6.2491722997340160e+000
13 11 1.4560884147879602e-002
13 12 4.3255348046893732e-001
13 13 4.7661091155830043e+001
13 14 -1.6198653837608437e+000
13 15 8.7626481128802225e-001
13 16 -2.1335549390984436e+000
13 17 -1.8774328953947008e+000
13 18 1.8222595739613032e+000
13 19 -3.0244128611291088e+000
13 20 -2.9709959161971625e-002
13 21 1.3852341820131673e+000
13 22 -3.1543987015048218e+000
13 23 2.1660258648386002e+000
13 24 -1.1829751881508010e+000
13 25 2.0704536232553954e+000
13 26 5.1739967220768186e+000
13 27 -1.8905502879047014e+000
13 28 -9.2338927415341332e-001
13 29 -1.5230245682250731e+000
13 30 2.3911856253890051e+000
13 31 -2.0969668081726498e+000
13 32 6.1118482330865547e+000
13 33 5.8591811928349964e+000
13 34 1.3088835863658981e+000
13 35 9.0201497950917342e-001
13 36 5.7491720270440805e+000
13 37 2.2467994519728114e+000
13 38 5.7096309725752116e-002
13 39 6.7332944416729845e-001
13 40 -1.8345999435546130e+000
13 41 -4.1445124667600792e+000
13 42 4.9631549504009298e+000
13 43 -1.4560768714026973e-001
13 44 -1.1808310730242428e+000
13 45 -2.1674638621187916e+000
13 46 -5.5162333976110993e+000
13 47 4.2655755389024028e+000
13 48 -4.8701692245996331e-001
13 49 -6.1708944707535041e-001
13 50 -4.6786743676277469e+000
13 51 6.9400062756724568e-001
13 52 1.0015856633418165e+000
13 53 -4.2610547724164838e-001
13 54 -3.2016592878047190e+000
13 55 -1.6662339772844251e-001
13 56 1.1019079837440666e+000
13 57 -2.0127591461912044e+000
13 58 -1.3779959571945130e-001
13 59 7.7233282122829561e+000
13 60 1.0400300415203385e+000
13 61 2.0581605428642509e+000
13 62 -1.3475347776071087e-001
13 63 -1.5300818513571379e+000
13 64 6.2326445431256241e+000
13 65 2.6735523089445796e+000
13 66 -7.2635656925203049e+000
13 67 -3.1071306452936311e+000
13 68 -1.3001062111248687e+000
13 69 -4.0913262687965632e+000
13 70 3.8538993850140479e+000
13 71 -4.5062207734014663e+000
13 72 -2.1065241578922298e+000
13 73 3.3950312400587479e-001
13 74 2.3444682384233482e+000
13 75 -3.3205050573217304e-001
13 76 -1.1621925086798006e-001
13 77 -9.7113481368034094e-001
13 78 8.1457702940385235e-001
13 79 2.8587563543211423e+000
13 80 1.3250191145763248e+000
13 81 4.8784116111873104e+000
13 82 -2.1958222731045107e+000
13 83 -3.6274090515943311e+000
13 84 -3.0087250260577822e+000
13 85 -1.5923567311125115e+000
13 86 -2.5276555811111296e+000
13 87 1.5001329908141687e+000
13 88 -2.1666922927888637e+000
13 89 -3.2142164981976471e+000
13 90 1.6687946181043778e+000
13 91 -5.5776817808543839e+000
13 92 2.8884108538407505e+000
13 93 4.1106492162549380e+000
13 94 -4.9196884853147713e+000
13 95 -7.8267040143251421e-001
13 96 4.3486525428798224e+000
13 97 1.6995741993012379e+000
13 98 -1.7241516526907699e+000
13 99 -1.2888490030767574e+000
13 100 2.3675072436822080e+000
14 1 5.8440561948048995e+000
14 2 -2.5668310767186830e-001
14 3 -2.3403247798595066e+000
14 4 1.4081712110149804e+000
14 5 -3.5539526330033633e+000
14 6 -2.9079716919587861e+000
14 7 -2.1898095801912221e+000
14 8 2.2589003901426663e+000
14 9 -4.2241421614270713e+000
14 10 -6.4851885983455766e+000
14 11 -2.3533650545827736e-001
14 12 -3.7304757616689660e-001
14 13 -1.6198653837608437e+000
14 14 4.6559927289471453e+001
14 15 -2.4046207192222990e+000
14 16 1.2701330784010521e+000
14 17 -2.7069805258030594e-001
14 18 -4.4823358889513498e+000
14 19 6.5592510876950838e+000
14 20 -4.6861485710962891e-001
14 21 -4.7720908172705079e-001
14 22 -1.3934107500805044e+000
14 23 -2.3300306198568199e+000
14 24 -4.6568517597276369e+000
14 25 -1.4178445463190346e+000
14 26 -6.0200874348458144e-001
14 27 6.3672407665307880e+000
14 28 -1.2417909919444470e+000
14 29 6.7244532992320272e+000
14 30 -2.1595371532618541e+000
14 31 7.3577837087652764e-001
14 32 -2.3301664620565004e+000
14 33 8.2708797302814197e-001
14 34 -4.1812938364288623e+000
14 35 -1.6413723223837664e+000
14 36 -1.0445644726006582e+000
14 37 3.3504263892287955e+000
14 38 5.3367764504757487e+000
14 39 8.0722867502150963e-001
14 40 -3.1383023932150969e+000
14 41 2.9068564826061758e+000
14 42 6.0045096537819820e-001
14 43 -1.9350972820597903e+000
14 44 -2.9030886315054318e+000
